1,-1,393.138,176.792,149.161,236.282,0.945631,-1,-1,-1
1,-1,267.322,200.179,117.508,187.338,0.927348,-1,-1,-1
1,-1,68.353,149.956,83.981,290.478,0.885222,-1,-1,-1
1,-1,202.841,205.184,54.332,138.599,0.875498,-1,-1,-1
1,-1,173.439,201.870,44.737,149.958,0.751018,-1,-1,-1
1,-1,131.773,196.149,76.670,169.570,0.650589,-1,-1,-1
1,-1,552.693,206.667,19.216,46.006,0.327142,-1,-1,-1
2,-1,389.761,174.339,159.911,240.969,0.956371,-1,-1,-1
2,-1,265.189,196.622,113.977,190.783,0.914728,-1,-1,-1
2,-1,70.777,148.601,97.162,291.330,0.875046,-1,-1,-1
2,-1,209.110,203.930,47.880,140.499,0.833044,-1,-1,-1
2,-1,176.357,202.442,52.482,149.676,0.755122,-1,-1,-1
2,-1,139.494,202.781,66.947,165.098,0.700601,-1,-1,-1
2,-1,552.297,206.499,19.700,46.316,0.264204,-1,-1,-1
3,-1,398.659,178.455,151.436,236.818,0.938131,-1,-1,-1
3,-1,71.220,149.365,122.440,291.582,0.860850,-1,-1,-1
3,-1,266.664,193.605,104.578,192.085,0.849933,-1,-1,-1
3,-1,218.127,204.663,38.937,139.653,0.800591,-1,-1,-1
3,-1,179.964,202.007,54.340,150.396,0.707969,-1,-1,-1
3,-1,145.100,199.128,63.942,167.266,0.428080,-1,-1,-1
3,-1,541.507,205.630,30.590,46.579,0.266507,-1,-1,-1
4,-1,405.667,177.199,146.330,238.473,0.936074,-1,-1,-1
4,-1,72.564,152.743,140.356,286.612,0.922753,-1,-1,-1
4,-1,266.461,191.819,87.429,193.228,0.902060,-1,-1,-1
4,-1,224.746,203.518,37.535,139.938,0.797707,-1,-1,-1
4,-1,185.577,204.141,55.576,145.405,0.750357,-1,-1,-1
4,-1,155.328,206.741,54.673,155.435,0.578311,-1,-1,-1
4,-1,540.926,205.513,31.399,46.989,0.266553,-1,-1,-1
4,-1,72.365,210.166,32.568,75.388,0.265235,-1,-1,-1
5,-1,415.502,175.584,136.711,240.213,0.935132,-1,-1,-1
5,-1,72.905,157.593,153.770,282.458,0.929401,-1,-1,-1
5,-1,264.683,190.634,75.031,194.739,0.899455,-1,-1,-1
5,-1,230.037,202.187,36.502,140.744,0.770193,-1,-1,-1
5,-1,190.650,205.572,50.975,144.128,0.726442,-1,-1,-1
5,-1,161.746,202.803,50.173,165.568,0.592525,-1,-1,-1
5,-1,72.474,211.238,23.160,75.314,0.450350,-1,-1,-1
6,-1,72.662,157.918,160.921,283.077,0.930543,-1,-1,-1
6,-1,429.291,173.724,122.880,242.564,0.927273,-1,-1,-1
6,-1,263.263,187.824,61.936,197.784,0.886992,-1,-1,-1
6,-1,234.356,201.831,36.586,141.472,0.772869,-1,-1,-1
6,-1,190.027,206.934,56.615,147.218,0.709739,-1,-1,-1
6,-1,167.449,198.088,45.933,165.155,0.438584,-1,-1,-1
6,-1,72.047,212.143,31.323,81.071,0.342507,-1,-1,-1
7,-1,74.178,156.623,165.218,285.225,0.929655,-1,-1,-1
7,-1,444.864,172.590,108.112,244.578,0.921640,-1,-1,-1
7,-1,255.764,188.440,54.329,197.951,0.793321,-1,-1,-1
7,-1,189.770,206.788,59.016,145.462,0.693731,-1,-1,-1
7,-1,235.830,199.619,34.473,145.981,0.564518,-1,-1,-1
7,-1,72.299,212.287,24.288,28.568,0.494975,-1,-1,-1
8,-1,77.309,157.501,165.493,285.029,0.921999,-1,-1,-1
8,-1,461.757,169.392,90.994,248.313,0.918048,-1,-1,-1
8,-1,243.956,185.817,60.413,199.991,0.853850,-1,-1,-1
8,-1,197.878,207.007,52.558,142.667,0.697251,-1,-1,-1
8,-1,72.176,212.455,24.427,29.727,0.416332,-1,-1,-1
8,-1,71.825,211.901,25.624,78.378,0.284850,-1,-1,-1
8,-1,403.440,196.481,19.255,35.191,0.280277,-1,-1,-1
9,-1,90.714,154.055,154.725,288.088,0.926411,-1,-1,-1
9,-1,478.600,170.022,75.226,251.727,0.917053,-1,-1,-1
9,-1,239.121,186.267,66.598,199.630,0.866695,-1,-1,-1
9,-1,204.061,206.223,42.097,145.392,0.658302,-1,-1,-1
9,-1,72.086,212.486,24.292,30.301,0.437331,-1,-1,-1
9,-1,71.974,211.863,25.215,78.244,0.291254,-1,-1,-1
9,-1,328.331,213.089,17.317,18.884,0.258410,-1,-1,-1
9,-1,398.931,196.736,20.360,34.275,0.257372,-1,-1,-1
9,-1,552.400,206.169,19.608,48.071,0.250674,-1,-1,-1
10,-1,485.234,169.402,72.159,250.877,0.928126,-1,-1,-1
10,-1,101.096,154.580,144.250,287.746,0.925363,-1,-1,-1
10,-1,221.613,188.565,84.099,196.514,0.817582,-1,-1,-1
10,-1,72.161,212.370,24.199,35.933,0.405824,-1,-1,-1
10,-1,209.339,205.120,38.326,141.471,0.384663,-1,-1,-1
10,-1,396.236,197.302,20.921,36.663,0.266148,-1,-1,-1
11,-1,116.580,152.444,128.632,288.684,0.926599,-1,-1,-1
11,-1,492.888,166.517,90.044,254.975,0.905917,-1,-1,-1
11,-1,222.018,187.269,78.898,198.777,0.831982,-1,-1,-1
11,-1,271.287,205.599,48.907,138.318,0.688063,-1,-1,-1
11,-1,71.916,212.606,24.589,28.443,0.528367,-1,-1,-1
11,-1,214.404,205.990,27.855,125.742,0.272494,-1,-1,-1
12,-1,498.123,167.813,105.670,255.266,0.924854,-1,-1,-1
12,-1,132.361,149.976,113.734,291.493,0.880007,-1,-1,-1
12,-1,271.136,205.972,49.917,137.932,0.836170,-1,-1,-1
12,-1,222.873,191.991,77.632,192.615,0.823220,-1,-1,-1
12,-1,72.142,212.640,24.539,29.644,0.443154,-1,-1,-1
12,-1,71.946,212.170,25.811,73.573,0.261721,-1,-1,-1
13,-1,501.989,168.625,127.338,253.925,0.933762,-1,-1,-1
13,-1,155.185,147.754,99.735,293.376,0.859142,-1,-1,-1
13,-1,270.107,206.075,51.226,138.901,0.837209,-1,-1,-1
13,-1,226.117,189.933,73.597,194.875,0.803644,-1,-1,-1
13,-1,71.843,212.508,25.288,28.264,0.556274,-1,-1,-1
13,-1,355.534,213.230,20.170,26.954,0.262221,-1,-1,-1
13,-1,389.294,200.416,25.683,35.162,0.254311,-1,-1,-1
14,-1,505.130,170.636,133.503,248.361,0.934749,-1,-1,-1
14,-1,267.584,203.981,54.867,141.688,0.865304,-1,-1,-1
14,-1,170.805,148.726,93.720,294.013,0.855866,-1,-1,-1
14,-1,72.041,212.353,24.087,30.417,0.491332,-1,-1,-1
14,-1,236.924,207.776,62.075,176.482,0.384526,-1,-1,-1
14,-1,384.569,197.432,30.257,38.787,0.381857,-1,-1,-1
14,-1,71.771,211.905,25.021,73.511,0.273485,-1,-1,-1
14,-1,325.020,213.156,23.633,19.701,0.256690,-1,-1,-1
15,-1,508.152,170.590,130.848,250.489,0.929640,-1,-1,-1
15,-1,272.237,204.102,50.694,141.913,0.886597,-1,-1,-1
15,-1,185.561,144.383,83.746,299.955,0.797811,-1,-1,-1
15,-1,382.816,196.592,31.714,40.233,0.464436,-1,-1,-1
15,-1,71.832,212.574,25.521,30.034,0.455356,-1,-1,-1
15,-1,71.775,212.271,28.068,77.161,0.296509,-1,-1,-1
15,-1,352.733,213.371,23.866,26.867,0.275331,-1,-1,-1
16,-1,510.361,171.215,128.639,252.793,0.938912,-1,-1,-1
16,-1,191.086,146.226,88.951,299.771,0.887705,-1,-1,-1
16,-1,282.890,203.916,40.930,141.528,0.861344,-1,-1,-1
16,-1,71.911,212.455,24.367,29.130,0.519659,-1,-1,-1
16,-1,383.434,197.373,19.970,39.115,0.276424,-1,-1,-1
17,-1,513.026,169.716,125.974,258.806,0.937960,-1,-1,-1
17,-1,193.458,148.285,107.823,299.251,0.899236,-1,-1,-1
17,-1,292.221,203.905,36.187,141.010,0.888999,-1,-1,-1
17,-1,175.942,191.724,40.999,194.933,0.510534,-1,-1,-1
17,-1,72.235,212.644,24.393,28.886,0.503923,-1,-1,-1
17,-1,382.202,195.268,16.052,44.203,0.399648,-1,-1,-1
17,-1,181.350,195.156,33.467,101.323,0.261923,-1,-1,-1
17,-1,354.372,213.361,21.215,26.412,0.251758,-1,-1,-1
17,-1,71.983,212.224,25.621,74.453,0.250754,-1,-1,-1
18,-1,516.505,169.287,122.495,260.118,0.944193,-1,-1,-1
18,-1,194.109,151.479,132.840,296.026,0.928163,-1,-1,-1
18,-1,295.722,203.201,40.540,142.387,0.877499,-1,-1,-1
18,-1,175.805,187.066,49.338,200.199,0.766933,-1,-1,-1
18,-1,71.956,212.615,25.261,29.155,0.470884,-1,-1,-1
18,-1,381.670,197.343,14.846,42.568,0.373280,-1,-1,-1
19,-1,193.213,152.617,149.454,297.038,0.936758,-1,-1,-1
19,-1,521.550,168.753,117.450,262.253,0.935417,-1,-1,-1
19,-1,292.492,204.805,60.805,140.838,0.864844,-1,-1,-1
19,-1,173.784,185.824,50.740,201.416,0.832972,-1,-1,-1
19,-1,379.605,197.099,14.912,43.251,0.357653,-1,-1,-1
19,-1,71.526,212.203,26.620,78.040,0.348065,-1,-1,-1
19,-1,71.747,212.626,25.305,31.862,0.334127,-1,-1,-1
20,-1,532.457,169.024,106.543,260.805,0.926776,-1,-1,-1
20,-1,193.829,153.777,156.484,297.156,0.923664,-1,-1,-1
20,-1,294.175,204.404,71.733,141.232,0.903566,-1,-1,-1
20,-1,171.621,185.058,50.796,202.483,0.762999,-1,-1,-1
20,-1,0.000,177.890,20.186,227.637,0.652884,-1,-1,-1
20,-1,376.001,196.496,16.807,44.524,0.389869,-1,-1,-1
20,-1,71.242,211.999,25.822,67.796,0.374995,-1,-1,-1
21,-1,546.618,167.007,92.382,262.210,0.929121,-1,-1,-1
21,-1,195.923,155.344,161.555,296.285,0.922878,-1,-1,-1
21,-1,298.719,206.133,75.025,139.512,0.890603,-1,-1,-1
21,-1,163.950,185.205,53.449,201.878,0.754398,-1,-1,-1
21,-1,0.000,181.565,35.772,228.017,0.730801,-1,-1,-1
21,-1,71.706,212.500,25.287,27.970,0.435627,-1,-1,-1
21,-1,375.418,197.823,15.239,41.975,0.326716,-1,-1,-1
21,-1,222.608,198.397,27.846,96.568,0.286537,-1,-1,-1
22,-1,198.792,157.997,162.226,295.135,0.928558,-1,-1,-1
22,-1,559.158,166.067,79.842,261.765,0.916328,-1,-1,-1
22,-1,306.070,206.797,71.534,138.365,0.883989,-1,-1,-1
22,-1,149.901,182.024,60.757,205.682,0.840670,-1,-1,-1
22,-1,0.000,179.891,36.319,235.727,0.834138,-1,-1,-1
22,-1,71.413,211.695,26.343,80.098,0.359216,-1,-1,-1
22,-1,499.894,208.687,21.110,26.822,0.298250,-1,-1,-1
22,-1,71.539,212.424,24.857,30.370,0.250091,-1,-1,-1
23,-1,208.160,159.102,153.211,295.174,0.920355,-1,-1,-1
23,-1,578.168,163.359,60.832,263.428,0.894602,-1,-1,-1
23,-1,142.002,183.723,67.862,203.510,0.892313,-1,-1,-1
23,-1,0.000,179.126,39.280,237.167,0.889411,-1,-1,-1
23,-1,315.620,208.326,64.359,137.976,0.848527,-1,-1,-1
23,-1,538.907,205.584,32.594,48.176,0.337309,-1,-1,-1
23,-1,218.237,194.983,47.736,161.927,0.322723,-1,-1,-1
23,-1,71.392,212.032,27.140,77.918,0.317400,-1,-1,-1
23,-1,499.733,207.351,20.961,28.351,0.288435,-1,-1,-1
24,-1,226.659,155.053,134.453,297.840,0.917178,-1,-1,-1
24,-1,122.472,185.127,86.640,201.571,0.910562,-1,-1,-1
24,-1,594.489,160.529,44.511,266.721,0.900788,-1,-1,-1
24,-1,0.120,179.156,38.469,236.475,0.875963,-1,-1,-1
24,-1,324.491,207.500,55.645,139.937,0.861997,-1,-1,-1
24,-1,232.073,193.706,49.203,176.219,0.576644,-1,-1,-1
24,-1,208.461,204.868,28.514,40.290,0.350705,-1,-1,-1
24,-1,71.526,212.579,25.794,28.725,0.304262,-1,-1,-1
24,-1,538.327,204.788,32.066,31.165,0.303174,-1,-1,-1
24,-1,71.250,212.067,27.006,80.054,0.279563,-1,-1,-1
24,-1,223.193,232.897,47.548,85.540,0.269002,-1,-1,-1
25,-1,98.418,183.591,110.591,202.772,0.920943,-1,-1,-1
25,-1,240.433,154.663,121.928,299.444,0.899962,-1,-1,-1
25,-1,0.250,177.723,41.183,238.191,0.886491,-1,-1,-1
25,-1,600.065,157.699,38.935,270.931,0.882359,-1,-1,-1
25,-1,331.853,205.013,48.805,142.340,0.820882,-1,-1,-1
25,-1,233.217,195.263,66.827,174.272,0.668974,-1,-1,-1
25,-1,207.578,205.385,28.189,39.393,0.307357,-1,-1,-1
25,-1,500.194,208.503,19.526,27.220,0.280328,-1,-1,-1
25,-1,71.814,212.548,25.134,29.866,0.260182,-1,-1,-1
25,-1,540.662,206.826,30.516,46.309,0.250452,-1,-1,-1
26,-1,84.683,185.127,124.427,201.685,0.933907,-1,-1,-1
26,-1,0.186,176.101,44.175,239.750,0.886852,-1,-1,-1
26,-1,259.580,156.488,103.285,298.096,0.874970,-1,-1,-1
26,-1,340.242,203.054,40.415,145.042,0.801415,-1,-1,-1
26,-1,234.550,194.083,74.889,176.492,0.769703,-1,-1,-1
26,-1,608.021,154.501,30.979,281.818,0.691431,-1,-1,-1
26,-1,203.956,196.443,29.472,48.533,0.310999,-1,-1,-1
26,-1,71.514,212.563,25.528,30.524,0.269540,-1,-1,-1
27,-1,79.459,186.217,129.197,200.761,0.938658,-1,-1,-1
27,-1,0.271,174.456,52.056,240.704,0.879812,-1,-1,-1
27,-1,275.904,153.025,94.701,300.556,0.848621,-1,-1,-1
27,-1,236.444,196.045,78.237,175.734,0.802604,-1,-1,-1
27,-1,347.858,204.396,35.538,143.548,0.711834,-1,-1,-1
27,-1,614.171,161.492,24.829,271.052,0.688363,-1,-1,-1
27,-1,0.000,188.887,23.681,218.484,0.348915,-1,-1,-1
27,-1,70.827,211.963,27.157,79.989,0.316191,-1,-1,-1
28,-1,75.330,187.694,132.574,198.945,0.934080,-1,-1,-1
28,-1,0.473,172.143,57.839,243.363,0.904881,-1,-1,-1
28,-1,293.599,150.813,90.122,303.572,0.851351,-1,-1,-1
28,-1,237.143,198.327,79.573,172.564,0.717264,-1,-1,-1
28,-1,620.255,184.245,18.745,248.323,0.560456,-1,-1,-1
28,-1,354.058,204.683,32.899,127.553,0.393917,-1,-1,-1
28,-1,70.532,212.007,28.892,81.560,0.365453,-1,-1,-1
28,-1,236.382,240.863,52.319,81.843,0.276599,-1,-1,-1
28,-1,199.227,195.971,24.454,46.892,0.263359,-1,-1,-1
28,-1,538.279,205.498,32.526,45.949,0.255188,-1,-1,-1
29,-1,73.586,185.485,131.987,201.518,0.933849,-1,-1,-1
29,-1,0.506,170.523,66.742,245.938,0.906808,-1,-1,-1
29,-1,302.926,151.066,88.434,302.508,0.883364,-1,-1,-1
29,-1,240.162,198.676,76.489,172.151,0.551980,-1,-1,-1
29,-1,625.659,259.194,13.341,169.431,0.302507,-1,-1,-1
29,-1,71.354,212.400,26.675,56.155,0.302244,-1,-1,-1
29,-1,500.942,207.876,18.904,27.312,0.291068,-1,-1,-1
29,-1,538.417,206.218,32.497,45.990,0.276134,-1,-1,-1
29,-1,254.363,193.134,36.141,72.198,0.273574,-1,-1,-1
30,-1,75.651,185.362,124.742,202.179,0.926611,-1,-1,-1
30,-1,307.783,149.502,99.730,304.942,0.905055,-1,-1,-1
30,-1,1.434,171.048,74.512,245.226,0.898102,-1,-1,-1
30,-1,247.933,207.671,76.089,166.749,0.567214,-1,-1,-1
30,-1,256.192,193.575,37.916,75.581,0.443927,-1,-1,-1
30,-1,71.894,212.529,23.993,30.895,0.307260,-1,-1,-1
30,-1,500.193,208.931,19.666,26.729,0.287395,-1,-1,-1
31,-1,3.294,172.344,84.437,243.563,0.906698,-1,-1,-1
31,-1,78.240,182.600,114.454,204.331,0.906160,-1,-1,-1
31,-1,309.893,152.368,112.746,302.356,0.890890,-1,-1,-1
31,-1,254.296,205.817,75.726,167.423,0.799922,-1,-1,-1
31,-1,260.793,192.327,37.196,74.079,0.531820,-1,-1,-1
31,-1,193.182,196.960,18.692,46.750,0.291609,-1,-1,-1
31,-1,71.894,212.668,23.075,30.230,0.271054,-1,-1,-1
31,-1,207.604,214.095,25.290,31.104,0.264796,-1,-1,-1
32,-1,4.146,170.086,103.282,245.270,0.927336,-1,-1,-1
32,-1,311.274,155.039,137.309,300.362,0.896194,-1,-1,-1
32,-1,80.423,181.824,101.781,204.757,0.865478,-1,-1,-1
32,-1,258.320,205.752,74.450,164.088,0.666967,-1,-1,-1
32,-1,71.925,212.440,23.634,62.909,0.400801,-1,-1,-1
32,-1,250.945,233.405,57.210,90.820,0.262611,-1,-1,-1
32,-1,538.570,205.697,32.650,47.586,0.261785,-1,-1,-1
33,-1,310.756,155.396,159.112,300.102,0.931097,-1,-1,-1
33,-1,3.987,176.283,125.582,239.532,0.921267,-1,-1,-1
33,-1,79.571,182.135,89.636,202.260,0.811354,-1,-1,-1
33,-1,274.863,206.670,66.715,155.854,0.639876,-1,-1,-1
33,-1,329.262,208.602,30.474,84.409,0.387103,-1,-1,-1
33,-1,268.825,196.433,38.385,80.120,0.261718,-1,-1,-1
33,-1,537.003,205.385,33.116,31.147,0.254323,-1,-1,-1
34,-1,308.728,156.213,169.484,300.212,0.929114,-1,-1,-1
34,-1,4.693,177.793,138.028,239.114,0.910363,-1,-1,-1
34,-1,77.844,179.895,77.428,204.081,0.633272,-1,-1,-1
34,-1,278.331,205.184,71.037,154.248,0.583534,-1,-1,-1
34,-1,273.935,197.083,37.677,78.624,0.404501,-1,-1,-1
34,-1,181.425,198.609,31.340,45.952,0.270774,-1,-1,-1
35,-1,309.415,158.074,176.685,298.573,0.926331,-1,-1,-1
35,-1,6.425,178.597,139.400,238.763,0.920624,-1,-1,-1
35,-1,294.966,208.787,58.673,149.266,0.618574,-1,-1,-1
35,-1,255.428,205.747,83.324,165.088,0.528713,-1,-1,-1
35,-1,180.968,198.863,31.687,45.880,0.306982,-1,-1,-1
35,-1,500.876,207.666,19.496,27.657,0.255217,-1,-1,-1
36,-1,6.306,179.049,143.198,238.775,0.937398,-1,-1,-1
36,-1,325.620,166.366,161.561,293.038,0.932576,-1,-1,-1
36,-1,298.967,207.846,60.880,152.258,0.678621,-1,-1,-1
36,-1,261.689,204.181,80.388,168.452,0.493110,-1,-1,-1
36,-1,281.347,197.136,35.932,71.464,0.296788,-1,-1,-1
36,-1,537.805,206.151,32.220,25.542,0.283692,-1,-1,-1
37,-1,329.662,158.381,158.624,299.548,0.933483,-1,-1,-1
37,-1,9.071,179.700,140.860,237.505,0.864041,-1,-1,-1
37,-1,299.860,207.911,60.382,158.753,0.801230,-1,-1,-1
37,-1,537.094,205.688,32.816,28.595,0.310692,-1,-1,-1
37,-1,272.748,209.334,54.822,129.235,0.302925,-1,-1,-1
37,-1,287.755,197.233,36.306,70.870,0.286113,-1,-1,-1
37,-1,62.804,178.985,24.617,34.563,0.260229,-1,-1,-1
38,-1,341.780,158.019,148.832,298.935,0.926938,-1,-1,-1
38,-1,297.905,205.183,69.271,166.803,0.841059,-1,-1,-1
38,-1,19.855,176.907,129.709,240.487,0.818792,-1,-1,-1
38,-1,137.134,216.178,26.016,27.806,0.276138,-1,-1,-1
38,-1,280.490,198.292,49.045,125.244,0.261473,-1,-1,-1
38,-1,177.683,199.191,31.028,46.571,0.255099,-1,-1,-1
39,-1,357.848,156.791,132.390,301.153,0.909731,-1,-1,-1
39,-1,34.046,176.537,117.746,240.136,0.895663,-1,-1,-1
39,-1,294.604,206.162,87.123,167.960,0.856694,-1,-1,-1
39,-1,23.756,175.826,64.651,209.421,0.552945,-1,-1,-1
39,-1,137.282,215.692,24.895,27.645,0.335963,-1,-1,-1
39,-1,287.486,196.999,46.299,122.792,0.267650,-1,-1,-1
40,-1,299.350,212.587,87.325,160.865,0.914002,-1,-1,-1
40,-1,380.281,154.485,110.923,300.997,0.892209,-1,-1,-1
40,-1,45.018,174.332,108.750,242.332,0.884627,-1,-1,-1
40,-1,11.593,180.214,87.212,218.432,0.745081,-1,-1,-1
40,-1,300.355,195.213,35.384,69.132,0.444840,-1,-1,-1
40,-1,173.566,196.482,31.250,48.762,0.280736,-1,-1,-1
40,-1,500.563,208.161,18.789,27.568,0.250916,-1,-1,-1
41,-1,69.109,174.614,86.988,240.335,0.859873,-1,-1,-1
41,-1,300.085,211.479,92.257,163.513,0.835030,-1,-1,-1
41,-1,1.406,179.532,109.221,220.411,0.828871,-1,-1,-1
41,-1,398.190,153.938,98.147,302.706,0.828686,-1,-1,-1
41,-1,303.937,194.350,35.170,69.569,0.464024,-1,-1,-1
41,-1,537.533,205.846,32.397,28.174,0.262772,-1,-1,-1
42,-1,412.057,152.397,103.250,302.727,0.872895,-1,-1,-1
42,-1,87.938,171.865,73.888,243.987,0.867058,-1,-1,-1
42,-1,0.035,181.176,110.588,220.965,0.866340,-1,-1,-1
42,-1,305.502,212.458,87.196,161.178,0.859841,-1,-1,-1
42,-1,306.987,194.886,35.018,69.396,0.432128,-1,-1,-1
43,-1,0.000,181.953,106.658,219.069,0.935125,-1,-1,-1
43,-1,99.331,169.939,72.350,247.902,0.878360,-1,-1,-1
43,-1,429.214,150.954,92.782,303.740,0.872861,-1,-1,-1
43,-1,305.254,213.986,88.674,159.805,0.849150,-1,-1,-1
43,-1,306.740,195.464,43.490,105.166,0.332771,-1,-1,-1
44,-1,0.000,182.079,103.607,218.604,0.937130,-1,-1,-1
44,-1,434.495,149.931,88.923,308.517,0.902802,-1,-1,-1
44,-1,103.608,170.719,77.353,248.383,0.888428,-1,-1,-1
44,-1,312.878,213.678,81.046,161.309,0.859880,-1,-1,-1
44,-1,314.127,196.203,35.956,73.161,0.326946,-1,-1,-1
45,-1,0.000,181.563,95.245,218.981,0.929033,-1,-1,-1
45,-1,107.679,172.597,95.929,245.464,0.921264,-1,-1,-1
45,-1,436.401,150.314,104.250,307.878,0.901019,-1,-1,-1
45,-1,316.398,212.581,77.036,160.632,0.779072,-1,-1,-1
45,-1,72.279,212.265,24.963,63.906,0.341770,-1,-1,-1
45,-1,417.905,204.736,45.331,140.507,0.320203,-1,-1,-1
46,-1,108.872,175.138,114.866,244.751,0.935107,-1,-1,-1
46,-1,0.000,178.939,83.599,221.918,0.924621,-1,-1,-1
46,-1,435.516,150.823,139.108,309.053,0.922319,-1,-1,-1
46,-1,327.483,210.673,66.498,161.347,0.764599,-1,-1,-1
46,-1,71.475,212.683,24.767,28.240,0.481554,-1,-1,-1
46,-1,312.378,197.971,55.227,162.125,0.448632,-1,-1,-1
46,-1,418.052,206.478,52.104,140.661,0.414059,-1,-1,-1
47,-1,434.298,152.787,158.195,305.066,0.933291,-1,-1,-1
47,-1,107.834,175.940,128.121,239.997,0.927584,-1,-1,-1
47,-1,0.000,177.936,72.540,222.743,0.900702,-1,-1,-1
47,-1,334.931,208.024,64.880,165.553,0.744929,-1,-1,-1
47,-1,311.802,198.625,60.227,165.891,0.453678,-1,-1,-1
47,-1,71.963,212.651,25.093,29.127,0.420924,-1,-1,-1
47,-1,426.086,206.042,55.479,140.970,0.355583,-1,-1,-1
48,-1,108.308,176.493,134.692,242.512,0.934437,-1,-1,-1
48,-1,434.042,154.361,166.205,303.675,0.930392,-1,-1,-1
48,-1,0.000,177.230,55.545,223.773,0.863342,-1,-1,-1
48,-1,338.607,207.267,63.217,164.896,0.659842,-1,-1,-1
48,-1,432.119,208.225,57.569,139.755,0.522010,-1,-1,-1
48,-1,311.107,199.973,58.872,162.903,0.461452,-1,-1,-1
48,-1,71.810,212.577,25.296,28.793,0.461310,-1,-1,-1
49,-1,438.756,155.526,165.466,303.199,0.935819,-1,-1,-1
49,-1,110.270,179.380,135.371,241.503,0.934639,-1,-1,-1
49,-1,0.191,177.051,37.537,222.237,0.862445,-1,-1,-1
49,-1,442.945,208.112,53.097,139.525,0.783945,-1,-1,-1
49,-1,358.752,208.579,57.320,152.627,0.641116,-1,-1,-1
49,-1,71.574,212.693,25.146,28.701,0.441855,-1,-1,-1
49,-1,311.041,200.677,65.929,162.567,0.425176,-1,-1,-1
50,-1,117.072,178.844,131.566,243.930,0.944500,-1,-1,-1
50,-1,445.672,156.628,164.309,303.048,0.928994,-1,-1,-1
50,-1,454.702,207.736,48.653,139.967,0.800782,-1,-1,-1
50,-1,0.151,181.985,26.399,218.277,0.777098,-1,-1,-1
50,-1,357.196,209.918,57.678,159.946,0.640742,-1,-1,-1
50,-1,313.582,198.119,76.138,163.136,0.388280,-1,-1,-1
50,-1,71.392,212.862,25.308,28.847,0.370717,-1,-1,-1
50,-1,326.910,212.848,18.546,19.802,0.316386,-1,-1,-1
50,-1,71.313,212.536,26.355,79.078,0.310506,-1,-1,-1
51,-1,133.411,179.071,116.179,244.595,0.934880,-1,-1,-1
51,-1,457.760,156.118,149.673,302.093,0.924253,-1,-1,-1
51,-1,468.596,204.163,40.143,146.163,0.787656,-1,-1,-1
51,-1,0.202,193.370,24.343,205.423,0.757437,-1,-1,-1
51,-1,362.490,210.401,55.316,163.281,0.734690,-1,-1,-1
51,-1,71.420,212.306,26.149,78.590,0.393319,-1,-1,-1
51,-1,325.131,212.926,21.247,19.667,0.333696,-1,-1,-1
51,-1,71.256,212.993,25.423,31.223,0.270864,-1,-1,-1
52,-1,473.548,154.672,135.610,304.861,0.925545,-1,-1,-1
52,-1,149.428,180.218,101.102,242.701,0.913722,-1,-1,-1
52,-1,474.364,205.666,37.773,145.783,0.833808,-1,-1,-1
52,-1,363.388,210.755,60.343,162.254,0.794167,-1,-1,-1
52,-1,0.138,224.392,22.514,174.727,0.679781,-1,-1,-1
52,-1,71.264,212.615,26.679,77.484,0.364079,-1,-1,-1
52,-1,71.367,213.020,25.432,30.871,0.292469,-1,-1,-1
52,-1,324.531,212.533,23.704,20.298,0.286136,-1,-1,-1
52,-1,331.160,208.364,65.555,137.547,0.274960,-1,-1,-1
53,-1,490.486,152.793,119.140,307.305,0.919432,-1,-1,-1
53,-1,169.739,176.300,84.305,249.120,0.886817,-1,-1,-1
53,-1,363.862,209.670,73.376,164.795,0.880736,-1,-1,-1
53,-1,478.430,207.379,47.168,142.536,0.867898,-1,-1,-1
53,-1,0.078,228.100,21.871,171.521,0.546662,-1,-1,-1
53,-1,71.205,213.113,25.326,28.773,0.404688,-1,-1,-1
53,-1,353.326,195.396,36.018,72.156,0.391697,-1,-1,-1
53,-1,325.547,212.715,22.732,19.687,0.309505,-1,-1,-1
53,-1,71.082,213.059,26.852,78.921,0.252140,-1,-1,-1
54,-1,506.683,152.353,102.966,307.787,0.917883,-1,-1,-1
54,-1,479.538,207.330,61.535,143.340,0.882468,-1,-1,-1
54,-1,186.385,176.308,76.561,248.075,0.876356,-1,-1,-1
54,-1,363.601,210.350,78.953,163.082,0.850438,-1,-1,-1
54,-1,342.018,194.728,62.519,154.235,0.464276,-1,-1,-1
54,-1,0.004,313.160,21.142,87.913,0.446844,-1,-1,-1
54,-1,71.087,213.259,25.033,28.749,0.410143,-1,-1,-1
54,-1,71.039,212.918,25.650,78.164,0.302502,-1,-1,-1
55,-1,523.136,149.121,90.245,310.760,0.913744,-1,-1,-1
55,-1,479.891,209.671,72.788,141.089,0.884107,-1,-1,-1
55,-1,199.771,175.502,76.382,249.257,0.872315,-1,-1,-1
55,-1,363.290,210.983,81.939,163.698,0.821565,-1,-1,-1
55,-1,0.041,333.512,20.978,66.957,0.572673,-1,-1,-1
55,-1,348.117,195.068,60.258,166.178,0.489905,-1,-1,-1
55,-1,71.055,213.231,25.900,28.592,0.376616,-1,-1,-1
55,-1,71.035,212.669,27.293,78.807,0.376610,-1,-1,-1
56,-1,479.879,210.091,81.331,140.764,0.898772,-1,-1,-1
56,-1,541.667,147.003,80.937,314.327,0.882462,-1,-1,-1
56,-1,206.500,174.518,76.781,249.505,0.879058,-1,-1,-1
56,-1,366.480,209.095,81.393,165.951,0.809730,-1,-1,-1
56,-1,71.034,213.344,25.691,28.373,0.504115,-1,-1,-1
56,-1,0.100,342.113,20.505,57.644,0.427333,-1,-1,-1
56,-1,364.149,195.444,34.915,72.609,0.295185,-1,-1,-1
57,-1,208.950,174.511,95.494,248.917,0.915301,-1,-1,-1
57,-1,480.185,208.806,82.518,142.490,0.893346,-1,-1,-1
57,-1,550.115,149.016,80.430,309.429,0.879365,-1,-1,-1
57,-1,372.333,212.771,76.152,161.676,0.855732,-1,-1,-1
57,-1,71.112,213.316,25.413,28.514,0.466966,-1,-1,-1
57,-1,0.148,353.753,19.288,46.494,0.323766,-1,-1,-1
58,-1,551.968,149.438,87.032,310.879,0.906690,-1,-1,-1
58,-1,207.114,177.704,127.915,246.760,0.888205,-1,-1,-1
58,-1,481.915,209.698,84.025,140.915,0.875354,-1,-1,-1
58,-1,378.317,210.251,70.081,163.612,0.828978,-1,-1,-1
58,-1,71.328,213.490,25.481,27.289,0.486616,-1,-1,-1
58,-1,373.286,195.776,35.142,71.081,0.381339,-1,-1,-1
58,-1,352.977,211.411,20.287,29.912,0.323865,-1,-1,-1
58,-1,324.692,212.103,25.227,21.343,0.284541,-1,-1,-1
59,-1,208.537,178.895,142.150,246.185,0.928686,-1,-1,-1
59,-1,554.295,148.821,84.705,310.715,0.922757,-1,-1,-1
59,-1,486.936,209.917,81.849,140.991,0.881695,-1,-1,-1
59,-1,389.687,211.137,57.348,161.613,0.768112,-1,-1,-1
59,-1,365.715,194.870,53.053,170.240,0.492886,-1,-1,-1
59,-1,71.415,212.511,26.598,77.268,0.448944,-1,-1,-1
59,-1,350.534,211.734,20.963,28.891,0.331726,-1,-1,-1
59,-1,71.554,213.212,25.228,31.518,0.292178,-1,-1,-1
59,-1,138.505,217.448,21.007,25.634,0.277375,-1,-1,-1
60,-1,211.133,181.233,147.377,243.977,0.940366,-1,-1,-1
60,-1,554.590,148.744,84.410,315.393,0.908675,-1,-1,-1
60,-1,495.982,209.467,72.267,140.596,0.863545,-1,-1,-1
60,-1,395.753,210.896,52.877,161.087,0.789523,-1,-1,-1
60,-1,71.355,213.699,24.797,27.217,0.565835,-1,-1,-1
60,-1,349.257,210.922,21.073,30.423,0.376007,-1,-1,-1
60,-1,367.567,198.920,56.872,167.302,0.373354,-1,-1,-1
60,-1,138.064,217.655,22.353,24.841,0.330943,-1,-1,-1
60,-1,323.106,212.087,28.977,22.153,0.329915,-1,-1,-1
61,-1,213.642,185.242,149.781,241.717,0.932906,-1,-1,-1
61,-1,554.105,150.943,84.895,311.460,0.905573,-1,-1,-1
61,-1,509.277,209.415,63.276,140.399,0.849446,-1,-1,-1
61,-1,404.517,211.153,49.496,160.049,0.744003,-1,-1,-1
61,-1,71.304,213.561,25.585,27.714,0.522849,-1,-1,-1
61,-1,370.981,200.755,60.309,166.738,0.505248,-1,-1,-1
61,-1,136.971,216.143,23.106,26.871,0.338344,-1,-1,-1
61,-1,351.842,211.786,18.119,28.783,0.336701,-1,-1,-1
61,-1,177.749,222.465,20.554,23.959,0.290791,-1,-1,-1
62,-1,223.272,185.140,144.168,241.750,0.943773,-1,-1,-1
62,-1,555.210,152.249,83.790,308.283,0.889671,-1,-1,-1
62,-1,521.375,206.993,50.495,143.577,0.855050,-1,-1,-1
62,-1,405.571,210.944,54.257,161.241,0.720864,-1,-1,-1
62,-1,372.871,201.958,54.803,163.609,0.550185,-1,-1,-1
62,-1,71.518,213.923,24.881,30.469,0.463895,-1,-1,-1
62,-1,158.360,216.987,23.639,27.565,0.287442,-1,-1,-1
62,-1,71.288,213.941,26.238,65.898,0.275772,-1,-1,-1
62,-1,351.212,210.730,18.315,30.844,0.268819,-1,-1,-1
62,-1,137.218,215.158,23.877,27.750,0.259917,-1,-1,-1
62,-1,177.755,218.775,20.454,27.449,0.253218,-1,-1,-1
63,-1,238.537,184.835,128.724,242.273,0.943187,-1,-1,-1
63,-1,555.511,186.763,83.489,271.494,0.894925,-1,-1,-1
63,-1,534.932,207.796,35.961,143.778,0.876222,-1,-1,-1
63,-1,414.530,212.108,52.019,159.508,0.778560,-1,-1,-1
63,-1,375.644,199.758,59.592,165.053,0.613734,-1,-1,-1
63,-1,71.483,213.948,24.419,31.070,0.435466,-1,-1,-1
63,-1,352.913,211.390,15.621,28.971,0.361745,-1,-1,-1
63,-1,177.859,220.247,20.903,25.887,0.312113,-1,-1,-1
63,-1,158.779,217.183,22.344,27.693,0.299698,-1,-1,-1
63,-1,137.594,218.906,22.802,24.603,0.283341,-1,-1,-1
63,-1,209.821,214.983,23.288,29.374,0.273638,-1,-1,-1
64,-1,255.102,184.465,112.999,242.027,0.927713,-1,-1,-1
64,-1,558.692,190.253,80.308,267.942,0.900809,-1,-1,-1
64,-1,539.404,208.172,40.415,142.947,0.857383,-1,-1,-1
64,-1,420.910,212.321,56.310,161.517,0.767200,-1,-1,-1
64,-1,375.544,207.525,60.764,157.551,0.488186,-1,-1,-1
64,-1,71.047,213.843,26.422,31.771,0.433012,-1,-1,-1
64,-1,158.690,217.486,23.141,27.479,0.285560,-1,-1,-1
65,-1,277.432,183.124,91.903,242.819,0.921319,-1,-1,-1
65,-1,540.307,208.309,48.173,142.256,0.865761,-1,-1,-1
65,-1,417.388,213.024,79.336,161.395,0.858633,-1,-1,-1
65,-1,566.029,201.651,72.971,256.482,0.799289,-1,-1,-1
65,-1,375.120,198.846,73.870,167.094,0.535482,-1,-1,-1
65,-1,71.456,214.129,25.738,32.084,0.395773,-1,-1,-1
65,-1,158.885,216.485,23.718,28.027,0.367969,-1,-1,-1
65,-1,136.682,217.660,22.869,25.268,0.359621,-1,-1,-1
65,-1,177.519,219.597,20.671,26.682,0.252072,-1,-1,-1
66,-1,541.338,208.758,65.720,141.237,0.883354,-1,-1,-1
66,-1,296.515,180.267,75.776,246.745,0.847066,-1,-1,-1
66,-1,417.456,212.156,86.525,161.918,0.823589,-1,-1,-1
66,-1,583.816,208.230,55.184,250.814,0.820431,-1,-1,-1
66,-1,378.389,197.466,73.267,170.333,0.443807,-1,-1,-1
66,-1,71.617,214.282,24.920,32.478,0.367228,-1,-1,-1
66,-1,137.774,216.626,22.764,26.695,0.356362,-1,-1,-1
66,-1,158.382,216.455,23.477,28.128,0.326201,-1,-1,-1
66,-1,177.812,216.217,20.581,30.186,0.257741,-1,-1,-1
67,-1,314.238,177.728,68.675,249.536,0.877472,-1,-1,-1
67,-1,541.523,210.556,77.280,140.005,0.859151,-1,-1,-1
67,-1,419.011,212.736,92.464,160.548,0.809987,-1,-1,-1
67,-1,385.652,202.646,78.395,167.864,0.613615,-1,-1,-1
67,-1,597.559,219.736,41.441,242.863,0.598731,-1,-1,-1
67,-1,71.474,213.907,24.698,26.884,0.513218,-1,-1,-1
67,-1,137.571,216.418,23.216,26.711,0.349537,-1,-1,-1
67,-1,157.926,217.620,23.559,26.844,0.283353,-1,-1,-1
68,-1,542.232,212.884,84.400,139.518,0.903507,-1,-1,-1
68,-1,319.640,176.745,73.947,251.038,0.878045,-1,-1,-1
68,-1,416.757,214.335,95.415,159.292,0.785906,-1,-1,-1
68,-1,392.266,197.790,73.110,170.480,0.606775,-1,-1,-1
68,-1,71.537,214.562,23.989,28.158,0.585040,-1,-1,-1
68,-1,158.352,215.046,25.013,29.558,0.409941,-1,-1,-1
68,-1,137.592,216.729,23.321,26.653,0.301815,-1,-1,-1
68,-1,177.343,217.378,21.206,29.387,0.286185,-1,-1,-1
69,-1,542.763,215.289,89.408,136.781,0.915391,-1,-1,-1
69,-1,323.908,178.060,100.546,251.957,0.860219,-1,-1,-1
69,-1,431.715,216.119,84.619,159.154,0.752837,-1,-1,-1
69,-1,401.244,197.031,69.821,171.467,0.540884,-1,-1,-1
69,-1,158.846,215.611,23.696,28.819,0.480833,-1,-1,-1
69,-1,71.044,214.054,25.006,31.094,0.443235,-1,-1,-1
69,-1,177.999,222.031,20.824,24.511,0.393754,-1,-1,-1
69,-1,137.055,216.170,23.934,27.183,0.269424,-1,-1,-1
69,-1,211.212,214.964,21.586,29.900,0.268674,-1,-1,-1
70,-1,548.411,212.318,86.132,140.935,0.915534,-1,-1,-1
70,-1,324.392,179.341,124.560,249.494,0.912719,-1,-1,-1
70,-1,443.146,213.757,72.859,162.366,0.822580,-1,-1,-1
70,-1,71.355,214.196,25.045,26.210,0.590112,-1,-1,-1
70,-1,409.856,197.340,64.522,173.308,0.462949,-1,-1,-1
70,-1,158.986,216.144,22.630,28.786,0.444159,-1,-1,-1
70,-1,177.997,221.451,20.222,25.160,0.307526,-1,-1,-1
70,-1,212.019,214.894,20.738,29.678,0.251036,-1,-1,-1
71,-1,325.518,181.244,138.579,247.146,0.928295,-1,-1,-1
71,-1,556.258,212.250,77.786,141.154,0.903239,-1,-1,-1
71,-1,430.791,213.741,86.306,161.976,0.793916,-1,-1,-1
71,-1,414.082,195.518,49.048,157.234,0.447197,-1,-1,-1
71,-1,71.354,214.224,24.958,34.230,0.423131,-1,-1,-1
71,-1,158.823,215.937,22.754,28.457,0.400061,-1,-1,-1
71,-1,177.581,221.038,20.771,25.279,0.362886,-1,-1,-1
71,-1,136.506,216.540,25.280,26.964,0.322017,-1,-1,-1
71,-1,425.130,227.700,58.699,112.012,0.266143,-1,-1,-1
