1,-1,349.738,79.716,88.027,250.526,0.931530,-1,-1,-1
1,-1,98.384,100.749,65.163,217.330,0.917734,-1,-1,-1
1,-1,433.170,92.253,90.062,239.421,0.908614,-1,-1,-1
1,-1,173.018,96.583,77.575,225.726,0.908185,-1,-1,-1
1,-1,577.658,81.187,61.342,199.380,0.906571,-1,-1,-1
1,-1,517.426,113.627,44.275,121.418,0.794756,-1,-1,-1
1,-1,179.113,94.960,34.745,83.540,0.560289,-1,-1,-1
2,-1,182.459,94.966,70.502,225.380,0.924762,-1,-1,-1
2,-1,349.769,79.399,90.349,250.842,0.920674,-1,-1,-1
2,-1,88.388,101.789,71.184,217.515,0.920193,-1,-1,-1
2,-1,576.407,81.204,62.593,201.856,0.899686,-1,-1,-1
2,-1,440.483,91.677,85.415,240.396,0.892748,-1,-1,-1
2,-1,514.592,114.185,46.255,121.663,0.814440,-1,-1,-1
2,-1,180.284,95.188,37.068,84.269,0.421408,-1,-1,-1
3,-1,189.866,94.258,69.533,225.191,0.919659,-1,-1,-1
3,-1,353.142,82.359,95.995,247.198,0.909110,-1,-1,-1
3,-1,572.708,84.200,66.292,198.559,0.899843,-1,-1,-1
3,-1,75.094,103.353,79.890,215.618,0.897801,-1,-1,-1
3,-1,444.005,90.558,84.003,239.972,0.892552,-1,-1,-1
3,-1,516.293,113.237,44.465,121.323,0.793026,-1,-1,-1
3,-1,180.299,96.317,38.780,158.912,0.736799,-1,-1,-1
4,-1,61.534,99.001,89.305,224.620,0.932691,-1,-1,-1
4,-1,195.709,93.280,72.117,225.838,0.925206,-1,-1,-1
4,-1,356.258,83.326,98.947,246.216,0.915526,-1,-1,-1
4,-1,571.596,85.278,67.404,197.672,0.898619,-1,-1,-1
4,-1,449.196,90.307,79.402,238.744,0.880855,-1,-1,-1
4,-1,517.002,113.360,43.403,121.335,0.779837,-1,-1,-1
4,-1,179.559,96.402,39.185,158.188,0.775175,-1,-1,-1
5,-1,57.366,104.585,90.864,216.616,0.926156,-1,-1,-1
5,-1,199.150,92.294,80.033,227.747,0.914608,-1,-1,-1
5,-1,358.948,84.167,94.730,243.498,0.913497,-1,-1,-1
5,-1,569.498,86.198,69.323,198.351,0.910797,-1,-1,-1
5,-1,450.915,88.637,81.685,235.873,0.817553,-1,-1,-1
5,-1,179.828,94.648,39.752,160.419,0.788680,-1,-1,-1
5,-1,516.416,113.493,43.302,121.519,0.777383,-1,-1,-1
6,-1,52.911,103.937,91.988,217.450,0.933361,-1,-1,-1
6,-1,204.244,92.867,80.756,226.471,0.920718,-1,-1,-1
6,-1,363.082,84.669,92.242,243.713,0.920464,-1,-1,-1
6,-1,567.607,86.450,69.768,197.617,0.909781,-1,-1,-1
6,-1,453.074,88.331,87.804,235.281,0.820027,-1,-1,-1
6,-1,179.736,95.003,40.651,160.291,0.772495,-1,-1,-1
6,-1,514.537,113.995,44.370,121.824,0.662388,-1,-1,-1
7,-1,364.389,86.179,94.675,241.533,0.927460,-1,-1,-1
7,-1,210.572,93.125,83.098,226.043,0.926305,-1,-1,-1
7,-1,50.833,103.053,89.850,219.133,0.924060,-1,-1,-1
7,-1,566.173,88.077,67.177,195.668,0.899218,-1,-1,-1
7,-1,457.781,87.604,90.037,236.065,0.865525,-1,-1,-1
7,-1,179.610,95.682,42.893,159.794,0.799327,-1,-1,-1
7,-1,517.312,113.857,40.126,121.316,0.654811,-1,-1,-1
8,-1,366.543,86.087,93.571,241.791,0.925134,-1,-1,-1
8,-1,213.760,95.397,87.096,223.415,0.920933,-1,-1,-1
8,-1,51.618,103.568,80.854,219.247,0.919286,-1,-1,-1
8,-1,561.328,88.354,68.297,194.222,0.876351,-1,-1,-1
8,-1,460.148,86.880,89.270,236.978,0.869530,-1,-1,-1
8,-1,180.207,96.417,43.249,158.085,0.836916,-1,-1,-1
9,-1,219.621,95.495,86.326,223.633,0.924356,-1,-1,-1
9,-1,370.388,85.305,92.102,241.665,0.922531,-1,-1,-1
9,-1,51.702,103.016,71.299,220.006,0.917985,-1,-1,-1
9,-1,562.216,89.178,66.893,192.054,0.877216,-1,-1,-1
9,-1,464.536,86.949,87.967,236.957,0.875749,-1,-1,-1
9,-1,180.040,96.435,42.223,157.190,0.835999,-1,-1,-1
10,-1,372.018,83.358,91.709,244.213,0.934115,-1,-1,-1
10,-1,222.430,96.678,91.340,222.281,0.910782,-1,-1,-1
10,-1,466.524,87.493,80.242,235.744,0.905469,-1,-1,-1
10,-1,47.925,101.976,63.168,221.919,0.898043,-1,-1,-1
10,-1,562.253,88.558,64.205,194.374,0.877093,-1,-1,-1
10,-1,179.281,96.850,43.024,156.066,0.826161,-1,-1,-1
11,-1,374.450,82.021,90.294,242.763,0.925567,-1,-1,-1
11,-1,470.325,87.735,85.006,235.759,0.916542,-1,-1,-1
11,-1,41.059,98.402,61.412,225.910,0.904592,-1,-1,-1
11,-1,224.926,97.749,89.546,220.974,0.883498,-1,-1,-1
11,-1,560.437,87.030,61.385,195.565,0.870123,-1,-1,-1
11,-1,179.297,96.680,43.168,156.346,0.840880,-1,-1,-1
11,-1,606.277,107.324,32.723,130.972,0.250946,-1,-1,-1
12,-1,376.473,80.982,89.431,240.560,0.933274,-1,-1,-1
12,-1,469.968,90.109,91.164,232.391,0.914966,-1,-1,-1
12,-1,35.044,99.034,60.536,224.043,0.899053,-1,-1,-1
12,-1,229.604,98.281,87.700,219.496,0.884047,-1,-1,-1
12,-1,556.723,87.324,61.758,197.265,0.879520,-1,-1,-1
12,-1,179.356,97.384,42.728,155.721,0.866857,-1,-1,-1
12,-1,605.021,106.336,33.979,132.475,0.503881,-1,-1,-1
12,-1,0.507,74.118,29.498,216.484,0.260090,-1,-1,-1
13,-1,378.907,76.434,88.450,245.049,0.936062,-1,-1,-1
13,-1,30.402,98.636,60.118,223.914,0.914435,-1,-1,-1
13,-1,475.129,91.166,89.890,231.334,0.902408,-1,-1,-1
13,-1,555.878,86.698,60.177,197.073,0.896514,-1,-1,-1
13,-1,235.203,97.314,85.504,219.191,0.896289,-1,-1,-1
13,-1,178.786,96.937,43.561,156.190,0.835575,-1,-1,-1
13,-1,603.591,107.508,35.409,129.959,0.537776,-1,-1,-1
14,-1,380.758,75.357,89.503,246.297,0.937766,-1,-1,-1
14,-1,15.690,97.974,70.883,226.049,0.910257,-1,-1,-1
14,-1,478.924,92.342,89.895,230.058,0.909812,-1,-1,-1
14,-1,241.614,94.349,79.819,218.436,0.909076,-1,-1,-1
14,-1,554.609,86.141,57.358,196.441,0.883524,-1,-1,-1
14,-1,178.718,95.866,43.627,156.343,0.857453,-1,-1,-1
14,-1,601.867,108.732,37.133,128.640,0.693402,-1,-1,-1
14,-1,0.260,77.463,25.350,209.113,0.319001,-1,-1,-1
15,-1,383.688,76.575,90.836,244.482,0.933048,-1,-1,-1
15,-1,245.125,91.637,76.857,219.761,0.918530,-1,-1,-1
15,-1,4.175,98.698,80.181,225.903,0.911593,-1,-1,-1
15,-1,480.815,93.142,92.078,229.373,0.907585,-1,-1,-1
15,-1,548.076,87.270,63.094,195.750,0.862215,-1,-1,-1
15,-1,178.846,95.261,42.956,157.044,0.852651,-1,-1,-1
15,-1,600.649,109.053,38.351,128.286,0.713806,-1,-1,-1
16,-1,386.604,80.653,89.708,240.730,0.923504,-1,-1,-1
16,-1,0.473,99.179,83.287,225.708,0.919909,-1,-1,-1
16,-1,248.252,90.583,75.768,220.831,0.919209,-1,-1,-1
16,-1,482.167,93.577,90.484,228.714,0.910919,-1,-1,-1
16,-1,179.505,95.273,42.492,157.567,0.868325,-1,-1,-1
16,-1,547.144,88.832,60.394,190.777,0.834111,-1,-1,-1
16,-1,597.695,108.510,41.305,128.217,0.771703,-1,-1,-1
17,-1,389.840,77.293,89.545,245.477,0.935755,-1,-1,-1
17,-1,252.035,91.504,71.450,219.671,0.919941,-1,-1,-1
17,-1,0.391,102.537,83.758,223.365,0.918325,-1,-1,-1
17,-1,484.259,92.105,86.856,229.723,0.897689,-1,-1,-1
17,-1,179.260,94.969,42.133,157.889,0.866763,-1,-1,-1
17,-1,548.787,90.183,55.957,187.714,0.816021,-1,-1,-1
17,-1,596.103,108.346,42.897,130.358,0.790559,-1,-1,-1
18,-1,393.145,78.423,90.008,245.353,0.933719,-1,-1,-1
18,-1,254.944,91.075,71.364,220.153,0.925903,-1,-1,-1
18,-1,0.000,97.079,83.306,232.262,0.907951,-1,-1,-1
18,-1,486.760,89.724,84.817,231.502,0.891860,-1,-1,-1
18,-1,179.515,95.283,41.769,157.156,0.864321,-1,-1,-1
18,-1,551.200,90.704,53.422,190.090,0.805972,-1,-1,-1
18,-1,593.545,107.629,45.263,131.448,0.707549,-1,-1,-1
19,-1,257.595,91.696,73.608,219.426,0.927252,-1,-1,-1
19,-1,396.731,83.784,94.572,237.524,0.924810,-1,-1,-1
19,-1,0.000,98.594,82.720,230.267,0.899986,-1,-1,-1
19,-1,489.866,89.198,83.320,231.494,0.898058,-1,-1,-1
19,-1,179.432,95.428,41.012,157.321,0.870080,-1,-1,-1
19,-1,551.409,92.268,48.794,187.215,0.755327,-1,-1,-1
19,-1,592.034,107.520,46.763,132.122,0.751170,-1,-1,-1
20,-1,259.695,93.814,81.252,217.147,0.926848,-1,-1,-1
20,-1,401.657,85.001,91.858,235.918,0.918758,-1,-1,-1
20,-1,0.000,95.883,81.466,231.804,0.909128,-1,-1,-1
20,-1,494.799,88.550,80.229,230.735,0.887594,-1,-1,-1
20,-1,179.292,95.255,40.795,157.351,0.871442,-1,-1,-1
20,-1,555.584,94.643,44.328,184.892,0.719057,-1,-1,-1
20,-1,590.984,108.729,43.473,132.091,0.703440,-1,-1,-1
21,-1,403.688,85.107,100.453,235.667,0.931235,-1,-1,-1
21,-1,265.054,96.727,82.566,213.942,0.915509,-1,-1,-1
21,-1,0.056,100.274,76.008,225.873,0.908027,-1,-1,-1
21,-1,502.834,86.957,77.572,230.696,0.898407,-1,-1,-1
21,-1,178.586,94.862,41.049,157.930,0.871575,-1,-1,-1
21,-1,590.588,109.899,44.932,130.222,0.671621,-1,-1,-1
21,-1,559.917,103.601,38.540,175.830,0.628156,-1,-1,-1
21,-1,478.639,114.840,38.254,30.904,0.448679,-1,-1,-1
22,-1,407.261,83.964,92.449,236.377,0.934426,-1,-1,-1
22,-1,270.060,96.911,78.225,213.352,0.925197,-1,-1,-1
22,-1,0.027,96.180,65.723,229.863,0.894284,-1,-1,-1
22,-1,507.392,87.532,77.666,228.011,0.869559,-1,-1,-1
22,-1,178.925,95.080,41.032,157.276,0.868649,-1,-1,-1
22,-1,588.652,110.169,48.380,129.591,0.700687,-1,-1,-1
22,-1,479.098,113.877,36.086,32.343,0.602668,-1,-1,-1
22,-1,560.352,105.899,36.443,172.320,0.521144,-1,-1,-1
23,-1,271.472,97.521,77.133,212.623,0.931550,-1,-1,-1
23,-1,409.404,86.822,92.610,232.832,0.916695,-1,-1,-1
23,-1,508.891,86.958,81.032,227.564,0.874754,-1,-1,-1
23,-1,178.654,94.692,41.410,157.988,0.870005,-1,-1,-1
23,-1,0.186,93.342,54.758,230.267,0.864944,-1,-1,-1
23,-1,480.827,113.313,33.439,32.787,0.692806,-1,-1,-1
23,-1,585.770,109.593,50.478,130.104,0.676875,-1,-1,-1
24,-1,410.883,86.243,96.032,233.991,0.932426,-1,-1,-1
24,-1,273.787,98.117,75.178,211.456,0.925794,-1,-1,-1
24,-1,179.152,94.515,40.625,158.091,0.873355,-1,-1,-1
24,-1,509.050,88.054,83.913,225.797,0.802964,-1,-1,-1
24,-1,0.393,80.221,28.889,240.912,0.671277,-1,-1,-1
24,-1,483.115,112.522,31.931,33.621,0.669226,-1,-1,-1
24,-1,585.393,110.165,51.659,128.830,0.658437,-1,-1,-1
25,-1,413.507,85.785,97.656,233.755,0.929949,-1,-1,-1
25,-1,276.343,97.911,76.286,210.153,0.928696,-1,-1,-1
25,-1,178.768,94.689,40.658,158.438,0.863993,-1,-1,-1
25,-1,506.970,88.212,88.775,226.064,0.810750,-1,-1,-1
25,-1,484.117,112.608,31.109,33.710,0.616821,-1,-1,-1
25,-1,586.114,110.466,50.186,129.024,0.595203,-1,-1,-1
25,-1,0.253,76.152,25.483,248.938,0.545033,-1,-1,-1
26,-1,417.199,84.069,96.908,233.402,0.932477,-1,-1,-1
26,-1,282.324,97.065,71.621,208.812,0.924446,-1,-1,-1
26,-1,178.779,94.595,40.316,158.637,0.870048,-1,-1,-1
26,-1,508.336,88.954,89.991,225.539,0.829683,-1,-1,-1
26,-1,486.459,112.125,26.278,33.195,0.607422,-1,-1,-1
26,-1,586.535,109.812,40.108,131.065,0.597772,-1,-1,-1
26,-1,525.335,95.224,21.449,31.042,0.305048,-1,-1,-1
27,-1,422.520,82.786,95.778,231.294,0.930127,-1,-1,-1
27,-1,288.405,95.779,70.911,209.012,0.922863,-1,-1,-1
27,-1,178.751,94.761,40.291,158.328,0.872074,-1,-1,-1
27,-1,514.840,89.402,84.895,226.642,0.805234,-1,-1,-1
27,-1,585.026,109.175,40.312,130.503,0.597105,-1,-1,-1
27,-1,485.707,112.460,26.116,33.414,0.501443,-1,-1,-1
27,-1,520.529,94.983,24.999,51.384,0.447720,-1,-1,-1
27,-1,505.038,96.052,43.223,186.564,0.272586,-1,-1,-1
28,-1,427.809,78.830,92.240,239.073,0.926663,-1,-1,-1
28,-1,296.650,93.954,69.915,209.416,0.910437,-1,-1,-1
28,-1,178.279,94.910,40.522,158.642,0.860835,-1,-1,-1
28,-1,515.213,92.261,85.967,223.086,0.833887,-1,-1,-1
28,-1,503.151,94.970,43.068,184.880,0.601977,-1,-1,-1
28,-1,585.016,106.783,37.687,134.128,0.557593,-1,-1,-1
29,-1,302.620,94.516,71.015,208.378,0.903462,-1,-1,-1
29,-1,431.748,82.177,93.002,231.051,0.894009,-1,-1,-1
29,-1,524.194,93.071,79.122,222.855,0.866873,-1,-1,-1
29,-1,177.619,95.390,41.109,158.050,0.847107,-1,-1,-1
29,-1,503.538,95.074,42.792,187.030,0.725615,-1,-1,-1
29,-1,586.089,108.309,51.507,129.531,0.324842,-1,-1,-1
30,-1,304.988,93.778,76.130,209.787,0.913367,-1,-1,-1
30,-1,435.457,77.883,94.393,238.192,0.902136,-1,-1,-1
30,-1,530.326,94.976,72.757,219.873,0.850393,-1,-1,-1
30,-1,177.770,95.390,40.621,157.950,0.841857,-1,-1,-1
30,-1,503.516,93.111,44.195,188.509,0.730826,-1,-1,-1
30,-1,587.684,109.604,50.337,127.632,0.279243,-1,-1,-1
31,-1,308.783,93.073,76.246,209.308,0.911629,-1,-1,-1
31,-1,437.723,79.021,92.632,237.489,0.907362,-1,-1,-1
31,-1,177.760,95.579,40.683,158.198,0.855828,-1,-1,-1
31,-1,532.298,94.182,76.972,220.748,0.816982,-1,-1,-1
31,-1,501.681,95.557,57.970,184.271,0.631454,-1,-1,-1
32,-1,312.278,94.190,77.602,208.551,0.913607,-1,-1,-1
32,-1,440.050,83.850,94.342,229.670,0.878581,-1,-1,-1
32,-1,177.640,94.988,40.793,158.299,0.849791,-1,-1,-1
32,-1,538.762,93.350,74.433,221.030,0.825196,-1,-1,-1
32,-1,500.373,95.401,68.931,185.860,0.723758,-1,-1,-1
33,-1,318.434,97.105,75.883,205.983,0.915285,-1,-1,-1
33,-1,443.232,85.906,88.825,227.342,0.870767,-1,-1,-1
33,-1,541.347,87.821,74.375,229.706,0.864189,-1,-1,-1
33,-1,177.808,94.846,40.294,158.731,0.855183,-1,-1,-1
33,-1,500.906,94.033,61.664,186.862,0.789790,-1,-1,-1
33,-1,598.690,159.925,40.310,73.671,0.322915,-1,-1,-1
34,-1,321.890,96.530,74.930,207.659,0.922904,-1,-1,-1
34,-1,543.908,90.639,75.006,222.521,0.852774,-1,-1,-1
34,-1,177.595,95.138,40.859,158.363,0.851099,-1,-1,-1
34,-1,446.740,87.594,89.127,225.311,0.850622,-1,-1,-1
34,-1,498.138,93.112,56.041,188.591,0.811110,-1,-1,-1
34,-1,601.564,160.129,37.357,66.942,0.281808,-1,-1,-1
35,-1,321.594,99.606,78.691,202.203,0.921241,-1,-1,-1
35,-1,548.145,87.466,77.934,225.435,0.874344,-1,-1,-1
35,-1,177.768,95.433,40.709,157.989,0.850460,-1,-1,-1
35,-1,449.437,89.688,88.486,225.836,0.838714,-1,-1,-1
35,-1,499.353,94.544,49.375,184.945,0.806852,-1,-1,-1
36,-1,323.338,97.634,80.026,204.279,0.908432,-1,-1,-1
36,-1,551.774,85.904,74.175,228.345,0.879233,-1,-1,-1
36,-1,177.152,94.969,41.128,157.834,0.859653,-1,-1,-1
36,-1,453.241,91.588,88.179,220.326,0.846725,-1,-1,-1
36,-1,496.832,96.469,48.350,185.295,0.622966,-1,-1,-1
37,-1,328.072,97.569,80.072,203.150,0.909549,-1,-1,-1
37,-1,454.893,90.454,89.051,220.380,0.886127,-1,-1,-1
37,-1,554.179,88.320,79.039,220.652,0.877125,-1,-1,-1
37,-1,177.430,95.043,40.977,158.775,0.846601,-1,-1,-1
37,-1,500.634,94.121,44.244,150.073,0.386837,-1,-1,-1
38,-1,335.401,97.968,74.894,202.899,0.924293,-1,-1,-1
38,-1,456.496,90.121,90.147,221.159,0.904793,-1,-1,-1
38,-1,556.919,88.196,78.432,220.669,0.893932,-1,-1,-1
38,-1,176.980,95.409,41.002,158.060,0.847089,-1,-1,-1
38,-1,447.044,108.084,26.759,113.274,0.475935,-1,-1,-1
39,-1,341.606,96.811,70.417,201.751,0.926725,-1,-1,-1
39,-1,459.668,89.250,89.192,221.542,0.918126,-1,-1,-1
39,-1,561.375,87.863,71.348,221.135,0.892853,-1,-1,-1
39,-1,177.226,95.843,40.904,157.745,0.849011,-1,-1,-1
39,-1,446.524,108.370,26.673,113.820,0.570113,-1,-1,-1
40,-1,462.995,88.540,86.389,221.486,0.921206,-1,-1,-1
40,-1,345.569,94.335,69.532,202.900,0.911749,-1,-1,-1
40,-1,562.942,89.045,71.886,219.632,0.896618,-1,-1,-1
40,-1,176.735,94.957,41.133,158.124,0.852956,-1,-1,-1
40,-1,445.083,109.159,28.091,112.332,0.748473,-1,-1,-1
41,-1,465.326,87.302,86.276,220.546,0.917187,-1,-1,-1
41,-1,564.364,88.803,73.250,219.965,0.909037,-1,-1,-1
41,-1,348.760,93.471,67.855,203.546,0.905528,-1,-1,-1
41,-1,176.886,95.312,40.787,157.692,0.850992,-1,-1,-1
41,-1,444.229,108.952,28.753,116.070,0.729963,-1,-1,-1
42,-1,560.027,90.076,78.973,218.123,0.907313,-1,-1,-1
42,-1,467.052,87.166,87.570,219.862,0.888678,-1,-1,-1
42,-1,349.129,93.061,68.152,202.957,0.887286,-1,-1,-1
42,-1,176.520,94.734,40.982,158.270,0.854620,-1,-1,-1
42,-1,443.689,108.899,29.109,121.101,0.755208,-1,-1,-1
43,-1,568.562,90.327,70.438,220.930,0.917624,-1,-1,-1
43,-1,351.657,93.577,67.339,202.526,0.906513,-1,-1,-1
43,-1,463.402,85.956,92.493,220.473,0.868526,-1,-1,-1
43,-1,176.524,95.168,41.036,158.074,0.852359,-1,-1,-1
43,-1,442.329,109.072,29.567,130.128,0.791316,-1,-1,-1
44,-1,355.237,93.798,69.889,202.478,0.928247,-1,-1,-1
44,-1,572.942,90.586,66.058,219.256,0.917697,-1,-1,-1
44,-1,466.576,85.478,93.664,220.999,0.864600,-1,-1,-1
44,-1,176.818,94.841,40.588,158.294,0.856976,-1,-1,-1
44,-1,440.414,109.961,30.803,129.681,0.786372,-1,-1,-1
44,-1,468.668,97.469,29.959,35.308,0.326243,-1,-1,-1
44,-1,459.495,96.057,54.989,190.016,0.301747,-1,-1,-1
45,-1,360.130,94.576,74.488,202.074,0.927087,-1,-1,-1
45,-1,575.485,92.657,63.515,219.455,0.916019,-1,-1,-1
45,-1,467.963,81.811,96.272,229.762,0.885784,-1,-1,-1
45,-1,176.276,94.511,41.371,158.477,0.854712,-1,-1,-1
45,-1,438.529,110.711,29.302,127.294,0.791688,-1,-1,-1
45,-1,457.703,96.693,53.172,186.344,0.451515,-1,-1,-1
46,-1,364.197,95.990,76.648,199.956,0.919938,-1,-1,-1
46,-1,483.693,86.717,81.532,220.795,0.917940,-1,-1,-1
46,-1,576.784,92.727,62.216,219.954,0.909334,-1,-1,-1
46,-1,175.786,94.324,41.642,158.528,0.857205,-1,-1,-1
46,-1,458.360,99.639,40.691,179.416,0.811538,-1,-1,-1
46,-1,436.327,109.402,29.843,129.025,0.789570,-1,-1,-1
47,-1,367.426,99.452,75.980,195.534,0.927567,-1,-1,-1
47,-1,486.953,88.217,90.598,219.004,0.915074,-1,-1,-1
47,-1,578.512,94.669,60.488,212.995,0.894660,-1,-1,-1
47,-1,175.912,94.635,41.590,158.826,0.860692,-1,-1,-1
47,-1,457.486,98.656,41.695,180.342,0.829611,-1,-1,-1
47,-1,435.238,110.171,29.486,129.902,0.721069,-1,-1,-1
48,-1,370.375,101.102,73.470,194.068,0.927556,-1,-1,-1
48,-1,489.769,89.110,93.444,218.028,0.915225,-1,-1,-1
48,-1,582.647,92.422,56.353,214.754,0.900407,-1,-1,-1
48,-1,175.964,94.481,41.378,158.812,0.861224,-1,-1,-1
48,-1,454.978,96.761,44.785,181.465,0.855311,-1,-1,-1
48,-1,435.264,110.421,28.427,129.488,0.695287,-1,-1,-1
49,-1,372.844,101.256,70.487,192.902,0.919315,-1,-1,-1
49,-1,493.055,89.040,94.388,217.361,0.914919,-1,-1,-1
49,-1,586.309,92.126,52.691,214.628,0.891088,-1,-1,-1
49,-1,451.716,94.391,48.609,183.908,0.855408,-1,-1,-1
49,-1,175.981,94.776,41.473,158.762,0.849667,-1,-1,-1
49,-1,433.029,112.126,27.909,125.797,0.711869,-1,-1,-1
50,-1,376.384,99.637,67.992,195.473,0.914655,-1,-1,-1
50,-1,494.065,90.524,96.284,214.666,0.909367,-1,-1,-1
50,-1,588.243,89.935,50.757,215.060,0.872024,-1,-1,-1
50,-1,176.047,94.508,41.341,158.266,0.864603,-1,-1,-1
50,-1,449.059,92.030,50.103,185.378,0.842282,-1,-1,-1
50,-1,433.675,109.533,25.721,130.023,0.438784,-1,-1,-1
51,-1,495.862,91.583,93.686,212.886,0.916890,-1,-1,-1
51,-1,380.242,96.366,69.002,198.100,0.900381,-1,-1,-1
51,-1,445.143,94.740,55.284,180.096,0.878559,-1,-1,-1
51,-1,175.866,94.386,41.621,158.655,0.862255,-1,-1,-1
51,-1,589.681,88.536,49.319,215.479,0.847348,-1,-1,-1
52,-1,497.145,92.100,93.895,212.134,0.926813,-1,-1,-1
52,-1,385.461,97.038,69.260,193.122,0.920943,-1,-1,-1
52,-1,442.908,96.294,56.422,179.233,0.869471,-1,-1,-1
52,-1,176.092,94.502,41.225,159.045,0.856467,-1,-1,-1
52,-1,591.356,87.039,47.644,216.570,0.823397,-1,-1,-1
53,-1,498.616,89.551,98.427,214.464,0.916373,-1,-1,-1
53,-1,394.683,96.425,63.719,193.261,0.909655,-1,-1,-1
53,-1,444.375,96.038,53.753,179.869,0.882243,-1,-1,-1
53,-1,176.204,94.406,41.193,158.658,0.863515,-1,-1,-1
53,-1,592.544,84.682,46.456,217.441,0.800286,-1,-1,-1
54,-1,501.652,89.557,101.041,214.608,0.915623,-1,-1,-1
54,-1,400.358,95.513,63.709,195.069,0.890620,-1,-1,-1
54,-1,444.058,95.032,52.115,181.262,0.867029,-1,-1,-1
54,-1,175.896,94.279,41.438,158.147,0.862259,-1,-1,-1
54,-1,593.002,85.322,45.998,216.041,0.798733,-1,-1,-1
55,-1,506.904,88.913,100.883,214.933,0.915323,-1,-1,-1
55,-1,402.983,93.813,66.457,196.309,0.908122,-1,-1,-1
55,-1,176.082,94.161,41.208,158.798,0.867078,-1,-1,-1
55,-1,444.161,94.820,49.436,182.455,0.836937,-1,-1,-1
55,-1,592.518,88.994,46.482,213.578,0.767212,-1,-1,-1
56,-1,511.497,87.444,94.823,213.972,0.913160,-1,-1,-1
56,-1,406.142,94.331,67.234,195.957,0.885190,-1,-1,-1
56,-1,175.505,94.370,41.606,158.742,0.860537,-1,-1,-1
56,-1,446.625,97.792,44.877,180.066,0.781200,-1,-1,-1
56,-1,594.856,90.285,44.144,212.298,0.719486,-1,-1,-1
57,-1,517.135,86.231,91.623,214.296,0.902250,-1,-1,-1
57,-1,174.948,94.703,42.193,157.707,0.861620,-1,-1,-1
57,-1,407.778,96.413,70.894,195.106,0.853479,-1,-1,-1
57,-1,597.996,99.379,41.004,204.255,0.718232,-1,-1,-1
57,-1,448.127,98.557,40.701,182.992,0.556519,-1,-1,-1
57,-1,447.647,103.798,40.779,66.585,0.252637,-1,-1,-1
58,-1,524.875,86.222,86.103,213.788,0.897283,-1,-1,-1
58,-1,175.341,94.825,41.812,158.258,0.847102,-1,-1,-1
58,-1,411.811,98.860,69.686,191.680,0.763235,-1,-1,-1
58,-1,609.561,106.513,29.439,194.300,0.746739,-1,-1,-1
58,-1,450.168,99.358,36.267,179.582,0.392456,-1,-1,-1
59,-1,528.194,86.106,87.178,213.517,0.892507,-1,-1,-1
59,-1,175.175,94.934,41.963,157.894,0.861089,-1,-1,-1
59,-1,410.087,99.440,74.892,189.453,0.771484,-1,-1,-1
59,-1,613.480,107.580,25.520,194.338,0.712354,-1,-1,-1
59,-1,590.714,103.498,41.356,193.285,0.311586,-1,-1,-1
60,-1,530.835,85.491,83.006,214.078,0.881970,-1,-1,-1
60,-1,175.389,94.793,42.073,158.923,0.858929,-1,-1,-1
60,-1,414.791,98.345,73.939,192.107,0.854850,-1,-1,-1
60,-1,610.408,112.989,28.592,186.788,0.677102,-1,-1,-1
61,-1,420.056,102.351,71.422,186.715,0.899234,-1,-1,-1
61,-1,532.944,86.934,80.045,212.441,0.881310,-1,-1,-1
61,-1,174.792,95.111,42.936,157.190,0.861327,-1,-1,-1
61,-1,615.150,114.450,23.850,184.625,0.683291,-1,-1,-1
61,-1,399.736,111.216,53.385,155.026,0.320127,-1,-1,-1
61,-1,420.227,96.329,27.637,55.862,0.262337,-1,-1,-1
62,-1,424.562,101.169,70.355,188.371,0.890118,-1,-1,-1
62,-1,174.794,94.929,43.206,158.631,0.867342,-1,-1,-1
62,-1,536.018,88.600,79.214,210.628,0.852289,-1,-1,-1
62,-1,398.701,95.391,52.543,177.425,0.744654,-1,-1,-1
62,-1,617.959,114.935,21.041,172.021,0.539681,-1,-1,-1
63,-1,429.933,99.210,71.333,190.154,0.887234,-1,-1,-1
63,-1,174.621,95.020,43.602,158.221,0.868889,-1,-1,-1
63,-1,539.539,89.665,82.450,209.386,0.857673,-1,-1,-1
63,-1,398.506,94.922,53.165,178.474,0.835700,-1,-1,-1
63,-1,619.559,112.892,19.441,160.271,0.491083,-1,-1,-1
64,-1,432.021,98.748,71.492,186.856,0.903661,-1,-1,-1
64,-1,174.783,95.180,44.297,157.588,0.876317,-1,-1,-1
64,-1,542.218,89.889,86.232,209.016,0.859760,-1,-1,-1
64,-1,397.827,94.265,52.598,178.477,0.847198,-1,-1,-1
64,-1,622.266,113.283,16.734,154.180,0.320506,-1,-1,-1
65,-1,435.169,97.313,68.649,186.585,0.904425,-1,-1,-1
65,-1,174.446,95.372,44.929,157.727,0.875591,-1,-1,-1
65,-1,545.491,89.937,84.787,209.100,0.862902,-1,-1,-1
65,-1,399.342,93.099,57.886,180.764,0.861600,-1,-1,-1
65,-1,622.391,113.111,16.609,153.851,0.463028,-1,-1,-1
66,-1,439.467,96.138,66.622,187.858,0.911041,-1,-1,-1
66,-1,397.672,94.475,63.005,178.391,0.910480,-1,-1,-1
66,-1,174.929,95.381,44.873,157.360,0.877640,-1,-1,-1
66,-1,549.191,90.794,80.499,207.474,0.867957,-1,-1,-1
66,-1,619.197,117.160,19.803,150.945,0.403572,-1,-1,-1
67,-1,395.693,93.759,61.336,178.031,0.920336,-1,-1,-1
67,-1,442.241,95.651,65.134,187.747,0.909921,-1,-1,-1
67,-1,551.813,91.573,81.384,206.721,0.882777,-1,-1,-1
67,-1,175.404,95.795,45.011,157.205,0.878504,-1,-1,-1
67,-1,616.932,110.156,22.068,159.857,0.378916,-1,-1,-1
68,-1,392.870,92.533,58.464,179.985,0.928768,-1,-1,-1
68,-1,444.664,93.397,63.363,190.240,0.899195,-1,-1,-1
68,-1,553.797,90.387,77.838,208.606,0.895428,-1,-1,-1
68,-1,175.316,95.383,45.488,157.562,0.878730,-1,-1,-1
68,-1,615.358,109.647,23.642,162.494,0.435764,-1,-1,-1
69,-1,390.835,92.907,59.639,179.414,0.913521,-1,-1,-1
69,-1,555.407,89.503,77.720,208.607,0.893123,-1,-1,-1
69,-1,176.007,95.378,44.883,156.917,0.875636,-1,-1,-1
69,-1,444.142,93.504,68.308,189.369,0.869216,-1,-1,-1
69,-1,617.782,107.054,21.218,163.830,0.631852,-1,-1,-1
70,-1,388.433,93.332,59.732,178.865,0.908058,-1,-1,-1
70,-1,556.912,87.761,76.858,206.604,0.895436,-1,-1,-1
70,-1,449.123,95.108,67.122,187.793,0.886964,-1,-1,-1
70,-1,177.350,95.942,43.830,156.297,0.866274,-1,-1,-1
70,-1,616.760,105.921,22.240,167.721,0.618798,-1,-1,-1
71,-1,452.546,95.476,69.275,188.869,0.913568,-1,-1,-1
71,-1,558.876,86.362,78.912,207.482,0.904787,-1,-1,-1
71,-1,386.529,93.562,59.056,179.458,0.892784,-1,-1,-1
71,-1,178.909,95.211,42.667,157.217,0.877004,-1,-1,-1
71,-1,617.457,105.316,21.543,167.296,0.456717,-1,-1,-1
72,-1,454.182,96.371,67.723,187.909,0.913515,-1,-1,-1
72,-1,384.372,92.771,59.364,179.547,0.895390,-1,-1,-1
72,-1,563.390,86.271,75.218,207.306,0.888344,-1,-1,-1
72,-1,178.351,95.089,44.236,157.411,0.872974,-1,-1,-1
72,-1,620.517,105.867,18.483,163.753,0.399495,-1,-1,-1
73,-1,456.778,97.066,62.943,188.323,0.909557,-1,-1,-1
73,-1,382.800,96.031,58.648,177.391,0.898547,-1,-1,-1
73,-1,177.956,94.721,46.051,157.644,0.880213,-1,-1,-1
73,-1,565.787,85.276,72.626,208.202,0.868580,-1,-1,-1
73,-1,618.435,105.387,20.565,168.425,0.297277,-1,-1,-1
74,-1,380.602,96.645,58.873,175.949,0.899752,-1,-1,-1
74,-1,177.836,95.485,47.296,156.563,0.890253,-1,-1,-1
74,-1,460.840,98.368,63.197,183.879,0.888493,-1,-1,-1
74,-1,569.049,85.521,69.951,208.391,0.884052,-1,-1,-1
74,-1,409.069,100.179,33.941,146.956,0.250474,-1,-1,-1
75,-1,175.366,94.786,51.074,157.704,0.898582,-1,-1,-1
75,-1,464.164,98.995,63.464,183.178,0.883998,-1,-1,-1
75,-1,377.486,98.391,60.748,174.447,0.875114,-1,-1,-1
75,-1,574.627,85.663,64.373,208.426,0.779085,-1,-1,-1
75,-1,557.179,110.739,28.892,130.809,0.490900,-1,-1,-1
75,-1,408.299,102.636,35.487,140.900,0.336545,-1,-1,-1
76,-1,174.617,93.849,52.854,158.818,0.907023,-1,-1,-1
76,-1,373.716,97.943,62.338,173.917,0.874754,-1,-1,-1
76,-1,464.654,98.754,66.576,182.893,0.838089,-1,-1,-1
76,-1,573.185,87.063,65.815,205.957,0.830726,-1,-1,-1
76,-1,406.607,104.176,36.429,136.152,0.432174,-1,-1,-1
76,-1,563.916,110.350,23.350,133.162,0.417865,-1,-1,-1
77,-1,175.964,93.560,52.879,158.926,0.904843,-1,-1,-1
77,-1,370.975,99.725,57.361,171.764,0.882278,-1,-1,-1
77,-1,464.238,99.755,70.029,180.778,0.872585,-1,-1,-1
77,-1,578.738,90.083,60.262,203.840,0.764857,-1,-1,-1
77,-1,405.029,106.314,37.365,130.718,0.633052,-1,-1,-1
77,-1,559.713,108.110,28.668,137.252,0.590926,-1,-1,-1
78,-1,468.488,97.759,71.414,181.543,0.911077,-1,-1,-1
78,-1,176.885,93.184,52.030,159.452,0.904688,-1,-1,-1
78,-1,366.938,98.366,58.672,173.152,0.900892,-1,-1,-1
78,-1,583.011,90.237,55.989,203.452,0.852927,-1,-1,-1
78,-1,404.049,107.076,38.564,130.497,0.702572,-1,-1,-1
78,-1,558.488,108.018,31.721,142.481,0.654804,-1,-1,-1
79,-1,365.875,98.272,57.373,173.036,0.905072,-1,-1,-1
79,-1,177.012,92.731,52.967,160.203,0.901110,-1,-1,-1
79,-1,584.642,91.779,54.358,201.577,0.879265,-1,-1,-1
79,-1,475.046,96.038,68.732,182.793,0.877640,-1,-1,-1
79,-1,403.696,107.386,38.641,130.520,0.764374,-1,-1,-1
79,-1,556.175,107.094,36.561,160.370,0.672576,-1,-1,-1
80,-1,365.766,96.596,54.428,174.695,0.910130,-1,-1,-1
80,-1,177.270,92.980,53.221,159.966,0.903303,-1,-1,-1
80,-1,481.004,95.995,65.867,181.940,0.895205,-1,-1,-1
80,-1,586.180,91.824,52.820,200.965,0.874365,-1,-1,-1
80,-1,404.321,106.867,38.526,135.262,0.801940,-1,-1,-1
80,-1,551.601,104.744,42.523,159.962,0.541111,-1,-1,-1
81,-1,365.916,95.394,53.226,174.366,0.909350,-1,-1,-1
81,-1,179.828,94.392,51.476,158.646,0.890480,-1,-1,-1
81,-1,482.086,98.452,68.396,179.008,0.863889,-1,-1,-1
81,-1,586.922,90.168,52.078,201.892,0.851328,-1,-1,-1
81,-1,403.616,106.911,40.341,134.972,0.819524,-1,-1,-1
81,-1,551.596,108.952,39.264,97.771,0.560664,-1,-1,-1
81,-1,562.107,113.007,40.732,156.782,0.488841,-1,-1,-1
82,-1,363.942,96.051,53.510,172.670,0.901904,-1,-1,-1
82,-1,179.720,91.646,53.006,161.682,0.898652,-1,-1,-1
82,-1,487.098,96.749,70.136,181.642,0.881117,-1,-1,-1
82,-1,588.340,90.084,50.660,201.696,0.845384,-1,-1,-1
82,-1,402.408,108.571,41.156,132.002,0.819177,-1,-1,-1
82,-1,557.227,112.664,49.798,157.441,0.619517,-1,-1,-1
83,-1,360.419,94.839,55.249,173.408,0.895202,-1,-1,-1
83,-1,491.162,97.082,68.643,182.038,0.892998,-1,-1,-1
83,-1,179.899,94.859,54.055,158.287,0.889096,-1,-1,-1
83,-1,401.339,108.276,41.412,132.767,0.848460,-1,-1,-1
83,-1,590.531,88.188,48.469,203.102,0.847376,-1,-1,-1
83,-1,559.860,115.217,52.115,155.153,0.701816,-1,-1,-1
83,-1,553.708,110.777,31.866,72.560,0.329899,-1,-1,-1
84,-1,179.792,94.914,55.126,158.333,0.896518,-1,-1,-1
84,-1,494.069,99.008,69.020,180.266,0.893769,-1,-1,-1
84,-1,358.687,95.947,54.954,171.732,0.880684,-1,-1,-1
84,-1,399.096,108.346,44.234,132.866,0.841422,-1,-1,-1
84,-1,592.837,91.772,46.163,198.374,0.836286,-1,-1,-1
84,-1,559.291,113.826,51.332,157.057,0.757416,-1,-1,-1
84,-1,553.737,110.596,29.061,53.140,0.355875,-1,-1,-1
85,-1,179.450,96.158,56.765,156.997,0.898417,-1,-1,-1
85,-1,494.617,100.468,69.296,177.805,0.896250,-1,-1,-1
85,-1,356.647,96.352,54.773,170.315,0.879096,-1,-1,-1
85,-1,397.724,108.720,46.723,132.299,0.849728,-1,-1,-1
85,-1,599.707,106.541,39.293,179.169,0.842837,-1,-1,-1
85,-1,560.575,110.920,53.781,160.734,0.803088,-1,-1,-1
85,-1,551.973,111.349,24.501,43.774,0.294640,-1,-1,-1
86,-1,494.680,101.664,74.855,176.329,0.902479,-1,-1,-1
86,-1,179.858,95.775,57.367,157.354,0.895492,-1,-1,-1
86,-1,354.368,92.970,54.627,173.213,0.873186,-1,-1,-1
86,-1,397.492,108.124,47.250,133.005,0.860524,-1,-1,-1
86,-1,559.483,112.340,51.424,158.079,0.801397,-1,-1,-1
86,-1,608.660,104.928,30.340,179.409,0.733458,-1,-1,-1
86,-1,553.203,111.778,20.477,37.968,0.314283,-1,-1,-1
87,-1,495.353,102.625,76.063,176.387,0.902245,-1,-1,-1
87,-1,351.315,94.278,57.536,172.649,0.887995,-1,-1,-1
87,-1,181.145,94.523,57.505,159.120,0.886342,-1,-1,-1
87,-1,397.827,107.929,46.692,133.306,0.856302,-1,-1,-1
87,-1,612.172,103.573,26.828,180.604,0.804102,-1,-1,-1
87,-1,557.824,113.616,45.105,155.106,0.776159,-1,-1,-1
88,-1,349.379,95.211,58.241,171.884,0.906324,-1,-1,-1
88,-1,497.151,101.358,76.255,177.066,0.899566,-1,-1,-1
88,-1,181.513,94.144,57.943,159.416,0.897131,-1,-1,-1
88,-1,397.680,107.526,46.513,133.419,0.860860,-1,-1,-1
88,-1,554.449,109.785,47.543,160.406,0.815393,-1,-1,-1
88,-1,614.933,102.736,24.067,176.098,0.808896,-1,-1,-1
89,-1,343.604,95.363,63.010,172.289,0.915049,-1,-1,-1
89,-1,181.647,94.634,58.821,158.974,0.891516,-1,-1,-1
89,-1,397.328,107.094,46.527,133.664,0.876449,-1,-1,-1
89,-1,502.592,101.287,73.826,177.251,0.848755,-1,-1,-1
89,-1,554.952,110.599,46.466,159.793,0.767299,-1,-1,-1
89,-1,618.196,103.909,20.804,170.102,0.717007,-1,-1,-1
90,-1,335.167,95.187,69.644,171.154,0.919354,-1,-1,-1
90,-1,181.919,93.335,59.108,160.062,0.904460,-1,-1,-1
90,-1,396.721,106.779,47.211,134.355,0.873213,-1,-1,-1
90,-1,509.672,99.502,67.339,177.867,0.809150,-1,-1,-1
90,-1,555.083,109.251,37.856,162.877,0.716848,-1,-1,-1
90,-1,620.916,107.323,18.084,110.178,0.381667,-1,-1,-1
91,-1,329.635,94.528,74.205,172.401,0.920584,-1,-1,-1
91,-1,182.838,93.076,58.829,160.034,0.913533,-1,-1,-1
91,-1,516.468,97.554,68.915,177.739,0.866828,-1,-1,-1
91,-1,396.449,107.004,46.768,134.157,0.855496,-1,-1,-1
91,-1,623.132,111.686,15.868,89.574,0.508382,-1,-1,-1
92,-1,327.632,95.361,73.698,171.114,0.923358,-1,-1,-1
92,-1,183.298,93.759,59.075,160.177,0.900303,-1,-1,-1
92,-1,524.757,97.118,61.872,177.789,0.899123,-1,-1,-1
92,-1,394.281,106.718,48.640,134.642,0.861849,-1,-1,-1
92,-1,623.298,114.591,15.702,85.158,0.521439,-1,-1,-1
93,-1,323.183,98.147,76.325,168.106,0.916523,-1,-1,-1
93,-1,184.086,94.125,58.642,160.240,0.906184,-1,-1,-1
93,-1,391.951,106.799,50.763,134.998,0.863802,-1,-1,-1
93,-1,523.581,98.164,73.260,176.091,0.853247,-1,-1,-1
93,-1,626.507,117.658,12.493,75.443,0.425543,-1,-1,-1
94,-1,323.757,98.768,73.242,167.779,0.921693,-1,-1,-1
94,-1,184.799,94.272,58.548,159.233,0.912419,-1,-1,-1
94,-1,389.580,106.648,53.497,135.457,0.866070,-1,-1,-1
94,-1,527.385,100.681,68.465,174.533,0.864393,-1,-1,-1
94,-1,628.011,119.778,10.989,69.775,0.324083,-1,-1,-1
95,-1,324.794,97.721,69.615,168.743,0.917931,-1,-1,-1
95,-1,184.955,94.150,58.453,159.762,0.907727,-1,-1,-1
95,-1,525.547,100.681,70.678,173.713,0.869862,-1,-1,-1
95,-1,383.958,106.597,59.869,135.879,0.858332,-1,-1,-1
95,-1,629.416,122.705,9.584,66.742,0.280190,-1,-1,-1
95,-1,513.479,109.554,51.568,157.721,0.256037,-1,-1,-1
96,-1,326.216,99.405,66.816,165.473,0.918772,-1,-1,-1
96,-1,185.263,93.109,58.310,160.416,0.911321,-1,-1,-1
96,-1,386.506,106.485,56.850,136.079,0.867786,-1,-1,-1
96,-1,529.024,101.061,68.744,173.401,0.858470,-1,-1,-1
96,-1,512.391,108.928,53.798,158.186,0.614082,-1,-1,-1
97,-1,322.376,98.257,68.374,166.623,0.921571,-1,-1,-1
97,-1,185.177,93.680,58.510,158.496,0.917769,-1,-1,-1
97,-1,539.707,100.422,74.323,173.328,0.876911,-1,-1,-1
97,-1,387.923,106.639,55.799,136.374,0.872989,-1,-1,-1
97,-1,512.470,108.954,49.055,158.589,0.635012,-1,-1,-1
98,-1,322.360,97.553,66.834,167.682,0.917559,-1,-1,-1
98,-1,185.181,93.503,58.417,158.621,0.913233,-1,-1,-1
98,-1,542.707,100.913,78.538,173.488,0.899228,-1,-1,-1
98,-1,385.848,107.253,58.567,136.289,0.878835,-1,-1,-1
98,-1,511.221,115.330,41.821,152.828,0.738966,-1,-1,-1
99,-1,323.742,96.388,64.254,168.663,0.914195,-1,-1,-1
99,-1,185.279,92.242,58.420,159.585,0.911144,-1,-1,-1
99,-1,544.458,103.049,78.549,171.801,0.899722,-1,-1,-1
99,-1,385.573,107.265,57.442,136.388,0.875301,-1,-1,-1
99,-1,510.175,115.566,45.734,152.771,0.727466,-1,-1,-1
100,-1,185.338,92.787,58.483,159.051,0.909069,-1,-1,-1
100,-1,544.296,104.074,78.389,169.985,0.908433,-1,-1,-1
100,-1,322.755,95.620,63.271,168.770,0.902906,-1,-1,-1
100,-1,384.144,107.273,57.039,136.449,0.875851,-1,-1,-1
100,-1,508.758,112.632,49.949,155.934,0.737392,-1,-1,-1
101,-1,549.049,102.299,73.071,171.763,0.925078,-1,-1,-1
101,-1,321.625,94.061,61.597,169.913,0.908316,-1,-1,-1
101,-1,185.297,93.208,58.518,158.487,0.906454,-1,-1,-1
101,-1,384.516,105.929,56.845,137.550,0.885640,-1,-1,-1
101,-1,507.320,110.626,55.747,155.890,0.765470,-1,-1,-1
101,-1,540.680,109.706,25.823,39.934,0.255416,-1,-1,-1
102,-1,550.451,100.127,66.945,175.785,0.917964,-1,-1,-1
102,-1,318.818,94.161,61.315,169.472,0.911897,-1,-1,-1
102,-1,185.765,93.641,58.165,157.596,0.896637,-1,-1,-1
102,-1,384.371,106.031,56.500,137.364,0.885946,-1,-1,-1
102,-1,504.536,111.046,46.942,156.238,0.795098,-1,-1,-1
102,-1,538.093,110.600,30.936,138.368,0.588695,-1,-1,-1
103,-1,316.160,94.419,61.262,167.898,0.919297,-1,-1,-1
103,-1,185.309,93.567,58.380,157.546,0.898787,-1,-1,-1
103,-1,383.804,106.120,57.688,137.076,0.890673,-1,-1,-1
103,-1,557.977,101.401,65.431,169.829,0.884179,-1,-1,-1
103,-1,500.416,111.390,48.739,155.154,0.811431,-1,-1,-1
103,-1,536.489,109.580,37.386,137.431,0.663065,-1,-1,-1
104,-1,314.653,94.654,60.390,167.387,0.912893,-1,-1,-1
104,-1,564.809,99.851,59.844,171.274,0.897681,-1,-1,-1
104,-1,382.644,106.054,59.117,137.055,0.884653,-1,-1,-1
104,-1,185.809,93.708,57.779,157.389,0.880021,-1,-1,-1
104,-1,497.329,115.300,46.845,150.489,0.821030,-1,-1,-1
104,-1,534.503,110.424,41.591,136.521,0.719470,-1,-1,-1
105,-1,313.234,96.035,59.731,166.086,0.912565,-1,-1,-1
105,-1,184.963,94.428,58.383,156.569,0.889058,-1,-1,-1
105,-1,570.023,99.466,58.329,170.059,0.888956,-1,-1,-1
105,-1,383.016,106.064,57.632,137.067,0.882731,-1,-1,-1
105,-1,532.725,109.821,44.285,137.092,0.787484,-1,-1,-1
105,-1,485.491,109.328,57.024,156.235,0.758918,-1,-1,-1
106,-1,312.848,96.189,57.913,166.074,0.906113,-1,-1,-1
106,-1,184.471,93.451,58.722,157.457,0.896310,-1,-1,-1
106,-1,576.335,98.476,57.385,170.962,0.890766,-1,-1,-1
106,-1,384.236,105.846,55.635,137.322,0.887227,-1,-1,-1
106,-1,475.003,114.236,66.000,150.305,0.773065,-1,-1,-1
106,-1,530.187,110.076,46.608,136.691,0.766312,-1,-1,-1
107,-1,311.404,94.965,58.424,168.173,0.906594,-1,-1,-1
107,-1,576.954,97.690,62.046,171.273,0.897055,-1,-1,-1
107,-1,184.083,93.636,58.787,157.406,0.894812,-1,-1,-1
107,-1,385.575,105.902,53.750,137.328,0.886586,-1,-1,-1
107,-1,526.765,109.120,48.252,137.641,0.815095,-1,-1,-1
107,-1,466.980,111.749,72.121,155.201,0.806519,-1,-1,-1
108,-1,310.396,96.108,58.411,166.228,0.897208,-1,-1,-1
108,-1,184.068,94.550,58.584,156.456,0.896959,-1,-1,-1
108,-1,580.739,97.835,58.261,170.947,0.890838,-1,-1,-1
108,-1,385.374,105.964,53.019,137.726,0.875410,-1,-1,-1
108,-1,459.725,112.888,79.291,153.500,0.837192,-1,-1,-1
108,-1,524.724,107.944,48.142,139.626,0.812303,-1,-1,-1
109,-1,184.278,93.412,58.248,157.081,0.897199,-1,-1,-1
109,-1,583.547,100.496,55.453,168.571,0.889085,-1,-1,-1
109,-1,309.632,95.088,57.717,167.343,0.884053,-1,-1,-1
109,-1,386.780,106.067,51.505,138.132,0.879983,-1,-1,-1
109,-1,456.015,113.373,82.082,153.003,0.849067,-1,-1,-1
109,-1,523.885,107.776,48.359,140.501,0.807021,-1,-1,-1
110,-1,184.248,92.241,58.605,158.925,0.904720,-1,-1,-1
110,-1,586.292,99.043,52.708,169.318,0.886174,-1,-1,-1
110,-1,307.961,95.554,58.290,167.154,0.885799,-1,-1,-1
110,-1,386.374,106.379,52.539,137.137,0.883342,-1,-1,-1
110,-1,455.173,114.059,81.857,152.014,0.845889,-1,-1,-1
110,-1,521.469,107.941,51.623,140.098,0.803205,-1,-1,-1
111,-1,184.621,92.216,58.372,159.165,0.905593,-1,-1,-1
111,-1,386.582,106.523,52.383,136.901,0.891261,-1,-1,-1
111,-1,588.174,99.565,50.826,167.934,0.888548,-1,-1,-1
111,-1,307.008,95.654,57.576,167.435,0.887575,-1,-1,-1
111,-1,454.478,113.886,82.477,151.990,0.833675,-1,-1,-1
111,-1,519.631,107.046,51.841,142.570,0.768396,-1,-1,-1
112,-1,184.522,92.605,58.555,158.241,0.907708,-1,-1,-1
112,-1,305.920,96.157,57.535,167.017,0.892676,-1,-1,-1
112,-1,387.111,106.843,53.077,136.958,0.887191,-1,-1,-1
112,-1,591.104,99.878,47.896,167.568,0.882322,-1,-1,-1
112,-1,454.758,114.043,81.103,151.842,0.849953,-1,-1,-1
112,-1,515.412,107.757,53.303,142.391,0.843141,-1,-1,-1
113,-1,184.821,92.681,58.497,159.078,0.906122,-1,-1,-1
113,-1,386.739,107.381,54.465,136.920,0.892844,-1,-1,-1
113,-1,305.314,97.072,57.033,166.058,0.889353,-1,-1,-1
113,-1,594.964,100.704,44.036,166.948,0.871300,-1,-1,-1
113,-1,454.268,114.581,80.943,151.669,0.871212,-1,-1,-1
113,-1,511.751,109.645,55.586,139.604,0.857297,-1,-1,-1
114,-1,185.390,93.236,58.110,157.929,0.905508,-1,-1,-1
114,-1,304.707,99.223,56.327,162.720,0.898896,-1,-1,-1
114,-1,386.730,108.365,55.121,136.796,0.898791,-1,-1,-1
114,-1,453.475,112.821,77.998,152.987,0.890172,-1,-1,-1
114,-1,509.895,111.451,56.730,138.809,0.870936,-1,-1,-1
114,-1,597.107,100.721,41.893,166.472,0.859574,-1,-1,-1
115,-1,387.406,108.819,55.659,136.759,0.898651,-1,-1,-1
115,-1,304.162,97.783,55.712,165.064,0.896761,-1,-1,-1
115,-1,185.765,93.238,58.347,158.402,0.894277,-1,-1,-1
115,-1,452.963,112.382,73.575,153.646,0.875181,-1,-1,-1
115,-1,508.488,111.291,57.043,141.452,0.848039,-1,-1,-1
115,-1,598.753,99.930,40.247,167.414,0.847394,-1,-1,-1
116,-1,185.825,91.989,58.590,159.671,0.914646,-1,-1,-1
116,-1,303.192,99.158,55.837,162.013,0.899748,-1,-1,-1
116,-1,386.854,108.615,56.080,138.144,0.889000,-1,-1,-1
116,-1,451.357,112.641,70.606,151.912,0.866146,-1,-1,-1
116,-1,505.592,112.287,60.712,137.928,0.851496,-1,-1,-1
116,-1,601.602,98.973,37.398,165.951,0.822092,-1,-1,-1
117,-1,185.925,92.711,59.602,158.835,0.914809,-1,-1,-1
117,-1,303.143,99.062,54.108,161.768,0.876317,-1,-1,-1
117,-1,388.652,108.804,55.035,138.722,0.872651,-1,-1,-1
117,-1,506.411,111.957,55.678,138.698,0.871603,-1,-1,-1
117,-1,604.253,97.835,34.747,167.354,0.813922,-1,-1,-1
117,-1,449.517,112.897,66.886,151.978,0.809070,-1,-1,-1
118,-1,186.320,91.976,60.056,159.853,0.916553,-1,-1,-1
118,-1,302.991,97.718,53.096,163.229,0.891452,-1,-1,-1
118,-1,387.137,108.486,60.419,139.569,0.861964,-1,-1,-1
118,-1,447.403,110.999,57.109,153.825,0.856149,-1,-1,-1
118,-1,506.458,111.411,53.919,140.401,0.849215,-1,-1,-1
118,-1,606.578,97.120,32.422,168.099,0.816754,-1,-1,-1
119,-1,187.486,92.785,59.305,158.537,0.909737,-1,-1,-1
119,-1,302.517,95.481,52.521,165.039,0.889123,-1,-1,-1
119,-1,445.840,110.251,51.255,154.674,0.857926,-1,-1,-1
119,-1,389.332,108.100,58.371,139.883,0.847222,-1,-1,-1
119,-1,505.533,111.206,52.760,141.127,0.845418,-1,-1,-1
119,-1,608.154,97.505,30.846,166.920,0.812294,-1,-1,-1
120,-1,187.920,92.240,59.468,159.586,0.910237,-1,-1,-1
120,-1,302.051,96.315,52.431,163.950,0.894860,-1,-1,-1
120,-1,392.372,110.709,51.764,135.463,0.839399,-1,-1,-1
120,-1,504.467,110.274,49.297,141.790,0.836561,-1,-1,-1
120,-1,444.979,111.053,43.307,153.461,0.836280,-1,-1,-1
120,-1,610.262,97.677,28.738,167.751,0.781813,-1,-1,-1
121,-1,189.013,92.528,59.365,158.645,0.906536,-1,-1,-1
121,-1,302.145,95.184,51.153,163.165,0.885489,-1,-1,-1
121,-1,502.869,110.252,49.454,141.552,0.855197,-1,-1,-1
121,-1,394.242,110.133,48.062,136.256,0.840544,-1,-1,-1
121,-1,442.619,111.155,42.481,153.769,0.809841,-1,-1,-1
121,-1,611.677,99.036,27.323,166.070,0.800283,-1,-1,-1
122,-1,190.316,92.504,59.697,157.889,0.899577,-1,-1,-1
122,-1,300.996,92.453,51.845,164.322,0.899049,-1,-1,-1
122,-1,501.190,109.753,49.773,142.146,0.871945,-1,-1,-1
122,-1,438.308,112.390,44.013,151.794,0.849396,-1,-1,-1
122,-1,395.192,109.551,46.459,136.144,0.824227,-1,-1,-1
122,-1,614.102,101.353,24.898,163.665,0.805783,-1,-1,-1
123,-1,191.349,92.626,58.948,157.720,0.902360,-1,-1,-1
123,-1,300.042,94.019,51.976,161.351,0.896069,-1,-1,-1
123,-1,498.662,109.122,51.032,142.941,0.871791,-1,-1,-1
123,-1,432.228,114.210,47.767,148.647,0.842531,-1,-1,-1
123,-1,397.778,108.751,41.389,137.347,0.822001,-1,-1,-1
123,-1,615.458,105.148,23.542,159.367,0.798104,-1,-1,-1
124,-1,191.634,92.565,59.045,157.397,0.908892,-1,-1,-1
124,-1,299.486,92.465,51.598,164.443,0.903639,-1,-1,-1
124,-1,497.442,108.852,53.836,142.460,0.875889,-1,-1,-1
124,-1,422.677,113.250,55.882,150.267,0.845164,-1,-1,-1
124,-1,398.081,109.778,41.640,137.594,0.822323,-1,-1,-1
124,-1,618.763,116.118,20.237,146.761,0.691056,-1,-1,-1
125,-1,297.924,92.144,52.012,164.439,0.905733,-1,-1,-1
125,-1,192.152,92.611,58.262,157.388,0.905248,-1,-1,-1
125,-1,496.613,109.597,54.844,141.387,0.860916,-1,-1,-1
125,-1,418.891,113.896,58.710,147.930,0.793636,-1,-1,-1
125,-1,398.736,110.049,41.278,139.596,0.789333,-1,-1,-1
125,-1,622.526,124.928,16.474,139.131,0.731637,-1,-1,-1
126,-1,192.664,92.138,59.037,157.425,0.910172,-1,-1,-1
126,-1,296.666,91.780,52.129,165.788,0.893816,-1,-1,-1
126,-1,491.935,108.829,57.098,143.094,0.847649,-1,-1,-1
126,-1,415.209,114.507,61.578,147.670,0.808674,-1,-1,-1
126,-1,397.898,110.816,40.904,138.448,0.742724,-1,-1,-1
126,-1,625.522,127.187,13.478,136.210,0.679251,-1,-1,-1
127,-1,193.131,92.260,58.682,157.104,0.905461,-1,-1,-1
127,-1,295.244,91.864,53.614,165.965,0.887596,-1,-1,-1
127,-1,489.563,109.745,57.089,143.454,0.867574,-1,-1,-1
127,-1,411.978,114.815,64.910,147.751,0.842614,-1,-1,-1
127,-1,397.793,112.012,39.854,137.058,0.550106,-1,-1,-1
127,-1,628.588,130.354,10.412,128.487,0.420493,-1,-1,-1
128,-1,192.989,92.436,58.882,156.482,0.907532,-1,-1,-1
128,-1,291.005,92.933,57.407,164.458,0.885410,-1,-1,-1
128,-1,408.630,114.335,67.257,148.831,0.867110,-1,-1,-1
128,-1,486.226,110.070,58.528,143.898,0.864399,-1,-1,-1
128,-1,629.561,131.016,9.439,128.711,0.462638,-1,-1,-1
128,-1,395.992,110.807,40.883,122.932,0.378794,-1,-1,-1
129,-1,193.107,92.291,58.332,156.522,0.904987,-1,-1,-1
129,-1,283.943,93.050,63.783,164.179,0.902627,-1,-1,-1
129,-1,406.435,112.500,68.271,151.005,0.857858,-1,-1,-1
129,-1,483.955,111.113,59.356,142.290,0.847150,-1,-1,-1
129,-1,630.165,137.173,8.835,121.546,0.381554,-1,-1,-1
130,-1,279.457,93.228,68.595,164.013,0.905048,-1,-1,-1
130,-1,193.247,92.333,58.065,156.006,0.902323,-1,-1,-1
130,-1,406.609,114.276,66.075,149.642,0.859510,-1,-1,-1
130,-1,480.643,112.130,60.338,142.769,0.829922,-1,-1,-1
131,-1,275.465,92.929,72.371,164.145,0.912294,-1,-1,-1
131,-1,193.489,92.570,57.407,155.328,0.902501,-1,-1,-1
131,-1,404.008,113.703,62.916,149.921,0.856755,-1,-1,-1
131,-1,478.759,112.404,59.831,143.031,0.836950,-1,-1,-1
131,-1,0.641,73.794,30.001,213.222,0.410463,-1,-1,-1
132,-1,274.794,92.984,70.045,163.947,0.906345,-1,-1,-1
132,-1,193.439,92.100,57.163,155.435,0.903583,-1,-1,-1
132,-1,405.155,113.438,55.611,148.592,0.866583,-1,-1,-1
132,-1,476.840,112.447,59.538,142.786,0.856315,-1,-1,-1
132,-1,0.104,76.271,37.656,226.752,0.325704,-1,-1,-1
132,-1,403.859,110.369,30.737,47.153,0.293752,-1,-1,-1
133,-1,274.105,93.960,70.822,162.698,0.905081,-1,-1,-1
133,-1,193.449,92.251,56.554,155.106,0.904238,-1,-1,-1
133,-1,401.565,111.073,53.802,150.251,0.876710,-1,-1,-1
133,-1,474.696,111.381,59.012,143.080,0.818182,-1,-1,-1
133,-1,0.000,75.030,42.723,134.351,0.398543,-1,-1,-1
134,-1,274.139,93.672,68.434,163.277,0.905827,-1,-1,-1
134,-1,192.757,92.578,56.341,154.853,0.905576,-1,-1,-1
134,-1,401.166,109.179,50.690,152.289,0.880491,-1,-1,-1
134,-1,472.485,111.964,59.487,141.156,0.829338,-1,-1,-1
134,-1,0.240,76.580,47.744,209.102,0.371864,-1,-1,-1
135,-1,192.339,92.255,55.881,155.168,0.909781,-1,-1,-1
135,-1,272.581,95.082,68.247,161.908,0.896729,-1,-1,-1
135,-1,400.284,107.999,51.359,153.176,0.877009,-1,-1,-1
135,-1,469.771,111.658,61.481,141.041,0.848839,-1,-1,-1
135,-1,0.183,122.591,50.774,84.993,0.671643,-1,-1,-1
136,-1,192.437,92.734,55.040,154.596,0.913368,-1,-1,-1
136,-1,271.156,95.102,67.621,161.675,0.899211,-1,-1,-1
136,-1,398.647,106.999,55.397,153.410,0.886893,-1,-1,-1
136,-1,466.571,110.675,62.570,142.962,0.849314,-1,-1,-1
136,-1,0.109,118.225,53.913,137.368,0.571733,-1,-1,-1
137,-1,191.961,92.525,54.980,154.884,0.909211,-1,-1,-1
137,-1,271.023,94.930,65.521,161.726,0.894481,-1,-1,-1
137,-1,396.114,106.519,58.011,153.764,0.873728,-1,-1,-1
137,-1,464.574,109.094,62.854,144.540,0.843545,-1,-1,-1
137,-1,0.698,116.935,54.103,173.681,0.732218,-1,-1,-1
138,-1,191.603,92.632,54.367,154.808,0.911500,-1,-1,-1
138,-1,271.296,101.895,63.390,154.538,0.890819,-1,-1,-1
138,-1,392.028,109.513,62.415,149.804,0.868367,-1,-1,-1
138,-1,462.081,109.704,57.587,145.287,0.827020,-1,-1,-1
138,-1,0.563,115.241,53.930,175.447,0.741597,-1,-1,-1
139,-1,191.211,92.317,54.071,155.007,0.912990,-1,-1,-1
139,-1,272.588,99.952,60.555,156.078,0.894462,-1,-1,-1
139,-1,462.118,110.884,54.142,143.654,0.836209,-1,-1,-1
139,-1,384.033,111.045,69.556,147.611,0.822496,-1,-1,-1
139,-1,1.696,115.117,51.021,174.314,0.785451,-1,-1,-1
140,-1,190.614,92.236,53.838,155.369,0.908499,-1,-1,-1
140,-1,272.867,96.052,60.634,160.544,0.890927,-1,-1,-1
140,-1,461.836,110.891,51.438,144.226,0.829138,-1,-1,-1
140,-1,4.961,110.655,48.018,179.302,0.726345,-1,-1,-1
140,-1,375.036,110.477,71.432,149.195,0.717985,-1,-1,-1
140,-1,419.372,110.793,37.024,143.620,0.360665,-1,-1,-1
141,-1,189.554,91.960,54.044,155.720,0.906523,-1,-1,-1
141,-1,272.988,94.614,59.693,161.993,0.890526,-1,-1,-1
141,-1,461.739,112.848,49.320,142.747,0.828720,-1,-1,-1
141,-1,369.894,112.282,66.674,148.116,0.760459,-1,-1,-1
141,-1,8.975,109.731,43.437,179.891,0.729080,-1,-1,-1
141,-1,417.004,110.433,38.448,144.868,0.617977,-1,-1,-1
142,-1,188.993,91.799,54.951,156.047,0.894513,-1,-1,-1
142,-1,271.428,93.042,59.499,163.456,0.890363,-1,-1,-1
142,-1,366.478,112.965,65.727,147.035,0.834419,-1,-1,-1
142,-1,461.570,113.320,51.073,142.573,0.823774,-1,-1,-1
142,-1,13.971,109.948,41.866,178.806,0.763818,-1,-1,-1
142,-1,415.880,111.407,38.790,146.558,0.755246,-1,-1,-1
143,-1,268.530,94.641,60.972,161.218,0.909589,-1,-1,-1
143,-1,187.247,92.018,55.611,155.585,0.891396,-1,-1,-1
143,-1,364.858,113.076,66.752,146.828,0.849390,-1,-1,-1
143,-1,461.204,114.652,53.378,140.108,0.816723,-1,-1,-1
143,-1,16.274,112.574,45.486,174.548,0.792949,-1,-1,-1
143,-1,416.411,111.917,37.564,143.074,0.738553,-1,-1,-1
144,-1,267.030,94.559,61.595,160.999,0.918738,-1,-1,-1
144,-1,187.112,92.618,54.897,155.241,0.897107,-1,-1,-1
144,-1,363.911,113.228,65.023,146.460,0.876632,-1,-1,-1
144,-1,415.293,111.842,39.899,143.601,0.822816,-1,-1,-1
144,-1,460.400,114.118,55.566,140.176,0.822145,-1,-1,-1
144,-1,18.612,112.500,50.642,172.504,0.695471,-1,-1,-1
145,-1,266.112,93.782,59.973,161.754,0.917987,-1,-1,-1
145,-1,186.676,92.208,55.091,155.486,0.894998,-1,-1,-1
145,-1,363.462,113.808,65.210,145.997,0.892656,-1,-1,-1
145,-1,412.813,111.550,41.915,145.809,0.851775,-1,-1,-1
145,-1,22.973,114.142,64.681,173.739,0.849068,-1,-1,-1
145,-1,458.201,114.041,57.671,141.429,0.837953,-1,-1,-1
146,-1,265.064,93.216,59.343,161.240,0.922452,-1,-1,-1
146,-1,24.787,115.690,71.327,173.205,0.892827,-1,-1,-1
146,-1,362.856,113.848,65.806,146.086,0.890932,-1,-1,-1
146,-1,186.407,92.673,54.697,155.228,0.885980,-1,-1,-1
146,-1,411.209,111.179,44.373,147.175,0.879519,-1,-1,-1
146,-1,457.373,114.643,57.236,141.898,0.837329,-1,-1,-1
146,-1,0.411,74.117,25.759,220.995,0.280792,-1,-1,-1
147,-1,264.129,92.911,58.518,161.274,0.919648,-1,-1,-1
147,-1,24.241,114.563,77.389,175.551,0.909621,-1,-1,-1
147,-1,362.981,112.875,64.854,147.126,0.887820,-1,-1,-1
147,-1,185.968,93.323,54.585,154.453,0.884265,-1,-1,-1
147,-1,410.598,111.954,45.077,145.725,0.859362,-1,-1,-1
147,-1,457.191,114.660,57.059,141.627,0.837606,-1,-1,-1
148,-1,23.461,116.378,84.835,172.636,0.910971,-1,-1,-1
148,-1,263.111,93.354,55.883,160.777,0.908200,-1,-1,-1
148,-1,409.568,111.957,48.435,146.071,0.884348,-1,-1,-1
148,-1,363.329,112.974,60.369,146.585,0.882113,-1,-1,-1
148,-1,185.558,92.361,54.520,155.492,0.874031,-1,-1,-1
148,-1,457.429,114.076,55.227,141.990,0.832755,-1,-1,-1
149,-1,21.557,116.313,88.977,173.039,0.915032,-1,-1,-1
149,-1,262.204,92.014,54.117,162.437,0.902680,-1,-1,-1
149,-1,362.446,111.839,60.584,148.013,0.884958,-1,-1,-1
149,-1,185.272,92.192,54.743,155.736,0.882369,-1,-1,-1
149,-1,408.233,112.753,49.453,144.649,0.860271,-1,-1,-1
149,-1,456.618,113.343,55.595,143.799,0.842255,-1,-1,-1
150,-1,261.563,91.804,52.900,162.155,0.894665,-1,-1,-1
150,-1,27.549,115.347,83.507,173.660,0.894010,-1,-1,-1
150,-1,185.404,91.694,54.517,156.113,0.877567,-1,-1,-1
150,-1,407.846,112.981,48.547,143.351,0.874340,-1,-1,-1
150,-1,361.830,112.670,55.068,143.985,0.857113,-1,-1,-1
150,-1,455.531,112.576,54.991,145.194,0.848506,-1,-1,-1
151,-1,261.038,91.826,51.976,161.927,0.897662,-1,-1,-1
151,-1,31.681,114.890,81.171,173.208,0.886840,-1,-1,-1
151,-1,185.351,92.317,54.301,155.442,0.882129,-1,-1,-1
151,-1,407.644,111.823,49.840,145.013,0.878326,-1,-1,-1
151,-1,360.033,111.342,52.137,144.436,0.862177,-1,-1,-1
151,-1,455.094,110.933,54.804,146.197,0.841751,-1,-1,-1
152,-1,260.474,91.983,52.151,161.375,0.893437,-1,-1,-1
152,-1,409.012,111.781,47.967,145.492,0.879582,-1,-1,-1
152,-1,184.544,92.297,55.085,155.185,0.877967,-1,-1,-1
152,-1,358.764,111.531,46.849,144.916,0.874990,-1,-1,-1
152,-1,32.606,114.315,78.848,174.374,0.871881,-1,-1,-1
152,-1,454.857,110.809,53.624,147.562,0.854671,-1,-1,-1
153,-1,259.774,91.753,52.647,161.746,0.893862,-1,-1,-1
153,-1,358.385,111.310,44.650,145.665,0.874550,-1,-1,-1
153,-1,409.157,112.170,46.496,145.052,0.872526,-1,-1,-1
153,-1,184.583,92.351,54.997,155.704,0.869984,-1,-1,-1
153,-1,40.345,113.429,70.189,172.263,0.855421,-1,-1,-1
153,-1,453.114,110.955,52.858,147.307,0.828688,-1,-1,-1
154,-1,259.263,92.105,52.457,161.127,0.887616,-1,-1,-1
154,-1,184.601,92.899,54.755,154.872,0.877997,-1,-1,-1
154,-1,355.992,110.879,45.571,145.194,0.877239,-1,-1,-1
154,-1,408.107,112.282,46.198,144.593,0.866724,-1,-1,-1
154,-1,48.133,112.123,61.558,173.608,0.864352,-1,-1,-1
154,-1,452.301,110.171,54.159,147.583,0.836038,-1,-1,-1
155,-1,258.960,92.374,52.363,161.422,0.885588,-1,-1,-1
155,-1,184.940,92.666,54.331,154.851,0.877510,-1,-1,-1
155,-1,356.760,109.994,43.493,145.394,0.870947,-1,-1,-1
155,-1,58.976,111.481,56.329,173.491,0.867336,-1,-1,-1
155,-1,407.027,111.499,47.796,145.642,0.857830,-1,-1,-1
155,-1,452.396,110.222,52.567,147.628,0.824134,-1,-1,-1
156,-1,258.765,92.849,52.342,161.261,0.884124,-1,-1,-1
156,-1,185.448,92.730,53.868,154.751,0.881710,-1,-1,-1
156,-1,71.133,110.834,51.310,173.936,0.860138,-1,-1,-1
156,-1,405.897,112.105,47.054,144.358,0.855910,-1,-1,-1
156,-1,354.150,110.258,45.504,145.362,0.837677,-1,-1,-1
156,-1,451.079,111.410,51.831,147.168,0.812113,-1,-1,-1
157,-1,185.103,93.626,54.461,155.284,0.889075,-1,-1,-1
157,-1,258.417,92.972,52.573,161.227,0.884582,-1,-1,-1
157,-1,407.836,111.707,44.702,146.401,0.871385,-1,-1,-1
157,-1,75.725,111.381,50.277,172.654,0.861708,-1,-1,-1
157,-1,351.989,111.724,43.769,143.713,0.840079,-1,-1,-1
157,-1,450.275,111.740,51.305,147.652,0.812083,-1,-1,-1
158,-1,185.423,92.513,54.392,156.609,0.892162,-1,-1,-1
158,-1,258.626,92.720,51.307,161.773,0.884765,-1,-1,-1
158,-1,407.186,112.661,45.932,145.613,0.882136,-1,-1,-1
158,-1,349.063,113.379,43.917,142.039,0.862543,-1,-1,-1
158,-1,78.750,110.522,51.808,174.056,0.852754,-1,-1,-1
158,-1,450.060,111.682,47.717,147.110,0.824092,-1,-1,-1
158,-1,348.144,112.942,99.686,142.890,0.395086,-1,-1,-1
159,-1,258.866,95.297,50.091,159.738,0.878012,-1,-1,-1
159,-1,185.229,92.373,54.899,155.822,0.872303,-1,-1,-1
159,-1,346.055,112.354,44.429,143.175,0.868791,-1,-1,-1
159,-1,405.785,113.755,46.658,144.200,0.867455,-1,-1,-1
159,-1,448.356,111.882,53.996,147.929,0.857360,-1,-1,-1
159,-1,82.894,112.035,56.302,171.135,0.794635,-1,-1,-1
160,-1,185.677,93.044,54.246,156.174,0.895650,-1,-1,-1
160,-1,86.307,112.235,64.872,171.175,0.880904,-1,-1,-1
160,-1,258.943,94.937,49.300,160.581,0.878393,-1,-1,-1
160,-1,344.546,113.535,44.057,142.067,0.873325,-1,-1,-1
160,-1,403.948,114.243,47.455,143.478,0.862289,-1,-1,-1
160,-1,447.186,112.386,54.650,147.752,0.849352,-1,-1,-1
161,-1,258.897,92.532,49.294,162.034,0.882409,-1,-1,-1
161,-1,343.155,113.695,44.528,142.171,0.881734,-1,-1,-1
161,-1,186.505,91.249,53.164,156.574,0.880545,-1,-1,-1
161,-1,445.817,112.410,56.481,148.049,0.864232,-1,-1,-1
161,-1,88.364,113.936,74.656,169.292,0.862697,-1,-1,-1
161,-1,401.892,114.703,48.253,144.276,0.855348,-1,-1,-1
162,-1,342.220,113.789,44.639,141.584,0.892819,-1,-1,-1
162,-1,259.272,92.209,48.274,161.822,0.886606,-1,-1,-1
162,-1,87.743,114.446,83.668,169.595,0.884857,-1,-1,-1
162,-1,400.430,115.317,50.881,144.187,0.883320,-1,-1,-1
162,-1,186.742,92.989,52.748,154.312,0.878335,-1,-1,-1
162,-1,442.559,112.775,53.711,147.302,0.850047,-1,-1,-1
163,-1,399.234,114.665,51.294,145.060,0.897098,-1,-1,-1
163,-1,340.220,113.511,45.016,141.807,0.892518,-1,-1,-1
163,-1,87.434,115.149,90.376,168.333,0.887789,-1,-1,-1
163,-1,259.933,91.165,48.374,162.412,0.883504,-1,-1,-1
163,-1,185.741,92.207,54.315,156.272,0.876392,-1,-1,-1
163,-1,439.189,111.518,58.218,149.262,0.856181,-1,-1,-1
164,-1,87.344,116.292,90.482,166.549,0.909857,-1,-1,-1
164,-1,398.523,114.665,52.171,145.068,0.901778,-1,-1,-1
164,-1,339.054,112.629,45.573,142.506,0.895601,-1,-1,-1
164,-1,260.270,90.386,48.027,162.722,0.883089,-1,-1,-1
164,-1,185.709,92.285,54.447,156.338,0.874354,-1,-1,-1
164,-1,435.683,110.804,60.058,149.678,0.844640,-1,-1,-1
165,-1,396.791,113.463,54.057,146.747,0.905784,-1,-1,-1
165,-1,87.633,115.732,91.556,167.633,0.903000,-1,-1,-1
165,-1,336.498,112.440,47.331,143.201,0.890217,-1,-1,-1
165,-1,260.280,89.341,48.224,163.036,0.886087,-1,-1,-1
165,-1,434.624,109.195,60.297,151.366,0.872069,-1,-1,-1
165,-1,185.865,91.183,54.252,157.518,0.867110,-1,-1,-1
166,-1,395.465,113.220,53.784,146.768,0.910647,-1,-1,-1
166,-1,89.744,113.536,89.966,169.939,0.896259,-1,-1,-1
166,-1,186.271,92.275,53.566,155.552,0.892021,-1,-1,-1
166,-1,260.295,88.865,48.301,162.325,0.889890,-1,-1,-1
166,-1,337.653,112.253,45.074,143.587,0.877420,-1,-1,-1
166,-1,433.091,107.875,62.629,153.091,0.865768,-1,-1,-1
167,-1,393.629,112.219,50.674,147.321,0.896949,-1,-1,-1
167,-1,260.196,89.344,48.402,160.707,0.891436,-1,-1,-1
167,-1,186.056,90.117,53.956,157.755,0.884435,-1,-1,-1
167,-1,94.875,113.565,85.859,169.298,0.878956,-1,-1,-1
167,-1,335.516,111.857,45.182,143.588,0.867665,-1,-1,-1
167,-1,432.131,107.683,62.422,153.596,0.840439,-1,-1,-1
168,-1,259.840,88.596,48.185,160.726,0.893931,-1,-1,-1
168,-1,186.213,90.089,54.133,157.768,0.887991,-1,-1,-1
168,-1,389.554,110.396,50.797,149.762,0.884894,-1,-1,-1
168,-1,99.936,112.021,81.364,171.095,0.863199,-1,-1,-1
168,-1,430.601,107.371,62.009,154.051,0.861013,-1,-1,-1
168,-1,335.505,111.976,44.447,138.677,0.859620,-1,-1,-1
169,-1,259.821,88.407,47.599,159.996,0.889811,-1,-1,-1
169,-1,186.412,91.718,53.615,155.706,0.888743,-1,-1,-1
169,-1,388.205,110.801,49.916,148.742,0.879185,-1,-1,-1
169,-1,333.958,110.505,44.824,138.726,0.858569,-1,-1,-1
169,-1,428.418,107.408,63.282,154.405,0.857792,-1,-1,-1
169,-1,106.812,110.696,76.173,169.585,0.809125,-1,-1,-1
170,-1,259.521,87.458,47.946,162.101,0.895919,-1,-1,-1
170,-1,186.339,92.163,53.854,155.046,0.891993,-1,-1,-1
170,-1,113.868,109.152,70.991,169.159,0.879693,-1,-1,-1
170,-1,332.709,110.450,44.481,139.065,0.863934,-1,-1,-1
170,-1,385.802,110.466,47.359,150.284,0.858627,-1,-1,-1
170,-1,428.202,108.380,61.013,154.326,0.842027,-1,-1,-1
171,-1,259.290,87.694,47.937,162.751,0.896794,-1,-1,-1
171,-1,186.478,91.116,53.846,156.195,0.883789,-1,-1,-1
171,-1,385.081,111.068,45.839,147.291,0.868766,-1,-1,-1
171,-1,329.487,109.299,47.508,141.047,0.862557,-1,-1,-1
171,-1,122.122,109.041,62.429,168.387,0.847928,-1,-1,-1
171,-1,425.194,110.067,62.177,152.637,0.817510,-1,-1,-1
172,-1,258.637,87.646,48.296,162.192,0.900646,-1,-1,-1
172,-1,186.988,90.655,53.341,156.503,0.885289,-1,-1,-1
172,-1,383.992,110.906,46.473,147.651,0.879141,-1,-1,-1
172,-1,328.714,109.529,47.632,140.698,0.869218,-1,-1,-1
172,-1,424.105,109.171,63.221,152.402,0.833995,-1,-1,-1
172,-1,132.794,109.461,52.326,168.271,0.784291,-1,-1,-1
173,-1,257.539,88.153,48.596,161.822,0.905341,-1,-1,-1
173,-1,187.117,91.675,53.231,155.998,0.881391,-1,-1,-1
173,-1,383.674,111.952,45.305,147.263,0.876245,-1,-1,-1
173,-1,328.520,109.793,46.824,140.876,0.861045,-1,-1,-1
173,-1,423.962,112.065,61.899,149.316,0.835124,-1,-1,-1
173,-1,139.370,106.306,51.064,172.020,0.811192,-1,-1,-1
174,-1,256.144,87.613,48.527,162.736,0.900420,-1,-1,-1
174,-1,383.696,112.420,44.514,147.500,0.882824,-1,-1,-1
174,-1,186.487,92.561,53.967,155.255,0.869885,-1,-1,-1
174,-1,327.373,108.860,47.317,141.487,0.867319,-1,-1,-1
174,-1,425.092,112.667,59.688,150.825,0.867009,-1,-1,-1
174,-1,145.125,105.510,47.650,171.815,0.827505,-1,-1,-1
175,-1,256.115,87.845,48.039,161.613,0.899652,-1,-1,-1
175,-1,148.147,107.351,47.423,169.429,0.877773,-1,-1,-1
175,-1,383.539,112.941,44.821,148.411,0.875962,-1,-1,-1
175,-1,326.043,107.953,46.505,140.763,0.871087,-1,-1,-1
175,-1,425.951,112.324,57.794,151.298,0.863782,-1,-1,-1
175,-1,188.783,91.163,51.792,157.101,0.863061,-1,-1,-1
176,-1,256.755,87.571,46.938,162.140,0.904102,-1,-1,-1
176,-1,321.182,106.906,51.003,142.241,0.892496,-1,-1,-1
176,-1,150.475,107.497,48.843,170.657,0.886728,-1,-1,-1
176,-1,381.051,113.837,45.731,148.162,0.870096,-1,-1,-1
176,-1,423.798,111.481,57.087,152.622,0.864986,-1,-1,-1
176,-1,189.211,90.508,51.145,157.998,0.864346,-1,-1,-1
177,-1,317.185,108.348,54.397,140.699,0.910751,-1,-1,-1
177,-1,257.731,87.274,45.007,162.494,0.902339,-1,-1,-1
177,-1,150.318,108.637,58.874,169.421,0.892005,-1,-1,-1
177,-1,377.554,114.569,48.936,147.731,0.882830,-1,-1,-1
177,-1,423.649,109.752,57.040,155.370,0.880465,-1,-1,-1
177,-1,192.245,93.253,47.726,155.762,0.879432,-1,-1,-1
178,-1,315.648,109.528,54.762,139.993,0.906944,-1,-1,-1
178,-1,257.171,87.139,45.632,162.532,0.903469,-1,-1,-1
178,-1,149.223,109.988,67.622,167.394,0.890939,-1,-1,-1
178,-1,421.298,108.290,57.524,157.041,0.885064,-1,-1,-1
178,-1,376.132,113.156,48.392,150.049,0.878893,-1,-1,-1
178,-1,195.039,92.395,44.995,156.848,0.870633,-1,-1,-1
179,-1,146.281,111.118,73.641,164.860,0.907421,-1,-1,-1
179,-1,316.874,109.108,52.419,140.248,0.905636,-1,-1,-1
179,-1,257.110,87.767,45.818,161.813,0.902023,-1,-1,-1
179,-1,371.376,113.104,51.952,149.630,0.862881,-1,-1,-1
179,-1,198.297,93.455,41.858,155.091,0.854030,-1,-1,-1
179,-1,420.006,107.539,57.431,158.669,0.851516,-1,-1,-1
