1,-1,577.395,84.309,61.605,197.107,0.799471,-1,-1,-1
1,-1,171.523,97.583,76.581,225.436,0.797331,-1,-1,-1
1,-1,346.239,79.442,87.283,250.667,0.770400,-1,-1,-1
1,-1,98.564,98.816,62.679,219.817,0.761139,-1,-1,-1
1,-1,436.630,94.717,85.987,236.462,0.742192,-1,-1,-1
1,-1,512.094,113.507,43.706,123.754,0.606198,-1,-1,-1
2,-1,575.471,84.779,63.529,196.572,0.810893,-1,-1,-1
2,-1,178.710,98.080,76.021,222.853,0.806712,-1,-1,-1
2,-1,347.947,79.579,87.757,249.588,0.770949,-1,-1,-1
2,-1,91.004,101.155,65.232,218.254,0.770042,-1,-1,-1
2,-1,439.955,89.787,84.746,239.456,0.707493,-1,-1,-1
2,-1,511.792,112.720,43.557,124.573,0.629058,-1,-1,-1
3,-1,573.838,85.408,65.162,195.654,0.799764,-1,-1,-1
3,-1,76.778,104.322,75.770,215.300,0.793214,-1,-1,-1
3,-1,187.789,95.901,76.249,224.937,0.780155,-1,-1,-1
3,-1,351.903,80.586,90.843,248.338,0.762098,-1,-1,-1
3,-1,445.717,88.602,80.546,240.698,0.711755,-1,-1,-1
3,-1,516.227,112.253,38.726,125.745,0.593326,-1,-1,-1
3,-1,183.107,95.602,35.956,195.909,0.469975,-1,-1,-1
3,-1,122.138,36.379,60.204,216.160,0.378066,-1,-1,-1
4,-1,571.221,86.017,67.779,195.229,0.819326,-1,-1,-1
4,-1,66.891,103.911,83.738,216.376,0.817041,-1,-1,-1
4,-1,194.347,93.612,72.951,224.490,0.801468,-1,-1,-1
4,-1,354.326,81.779,95.720,247.212,0.779748,-1,-1,-1
4,-1,449.566,87.769,80.415,242.405,0.731929,-1,-1,-1
4,-1,512.039,111.208,40.491,124.101,0.559980,-1,-1,-1
4,-1,182.427,94.184,35.736,162.575,0.470680,-1,-1,-1
5,-1,567.633,85.192,71.367,196.556,0.831087,-1,-1,-1
5,-1,57.692,103.964,90.542,218.068,0.818101,-1,-1,-1
5,-1,199.878,94.152,77.430,225.314,0.771793,-1,-1,-1
5,-1,357.854,84.584,95.028,244.747,0.756682,-1,-1,-1
5,-1,451.121,87.441,88.396,240.403,0.708327,-1,-1,-1
5,-1,177.550,96.884,42.921,158.250,0.533314,-1,-1,-1
5,-1,506.674,112.732,47.419,122.835,0.499768,-1,-1,-1
5,-1,117.444,36.525,68.209,229.842,0.470292,-1,-1,-1
6,-1,55.372,105.082,89.960,215.411,0.832580,-1,-1,-1
6,-1,565.587,86.621,73.413,194.718,0.829830,-1,-1,-1
6,-1,206.461,94.964,77.609,223.841,0.773379,-1,-1,-1
6,-1,360.420,85.346,94.387,243.579,0.749984,-1,-1,-1
6,-1,451.679,87.238,94.356,239.169,0.716939,-1,-1,-1
6,-1,178.350,96.277,42.258,159.852,0.573132,-1,-1,-1
6,-1,113.891,36.999,75.847,230.438,0.520311,-1,-1,-1
6,-1,507.752,112.571,43.839,122.904,0.433094,-1,-1,-1
7,-1,564.442,86.917,74.558,193.787,0.843800,-1,-1,-1
7,-1,55.475,104.609,82.855,216.645,0.833102,-1,-1,-1
7,-1,209.764,96.933,79.726,221.026,0.800179,-1,-1,-1
7,-1,363.334,86.046,94.720,241.913,0.780466,-1,-1,-1
7,-1,455.159,86.937,89.247,236.162,0.754512,-1,-1,-1
7,-1,177.949,97.167,43.690,158.487,0.616469,-1,-1,-1
7,-1,113.407,38.091,80.322,229.449,0.504737,-1,-1,-1
8,-1,50.282,104.179,78.423,219.445,0.825143,-1,-1,-1
8,-1,559.763,87.505,76.771,192.473,0.818494,-1,-1,-1
8,-1,367.664,85.129,89.764,241.988,0.807433,-1,-1,-1
8,-1,212.096,97.511,84.911,221.004,0.799637,-1,-1,-1
8,-1,457.396,87.429,83.737,236.364,0.769305,-1,-1,-1
8,-1,179.740,95.945,43.275,158.707,0.672099,-1,-1,-1
8,-1,110.714,38.194,82.332,227.408,0.519343,-1,-1,-1
9,-1,49.649,100.338,73.355,223.657,0.836055,-1,-1,-1
9,-1,215.987,96.018,89.642,221.045,0.813149,-1,-1,-1
9,-1,559.456,88.692,75.645,190.706,0.804126,-1,-1,-1
9,-1,368.863,84.966,92.063,242.135,0.793677,-1,-1,-1
9,-1,462.474,87.765,83.364,235.749,0.777277,-1,-1,-1
9,-1,181.037,96.240,42.265,158.074,0.721018,-1,-1,-1
9,-1,107.206,40.903,90.196,228.472,0.580308,-1,-1,-1
10,-1,370.910,84.808,91.553,241.749,0.811530,-1,-1,-1
10,-1,558.318,88.752,78.041,190.995,0.805103,-1,-1,-1
10,-1,219.340,97.489,94.245,219.461,0.804753,-1,-1,-1
10,-1,466.214,86.874,83.400,236.492,0.800838,-1,-1,-1
10,-1,46.759,100.132,64.376,224.106,0.782943,-1,-1,-1
10,-1,180.937,97.395,42.101,156.516,0.714356,-1,-1,-1
10,-1,107.947,39.086,91.521,229.472,0.444874,-1,-1,-1
11,-1,221.117,98.343,94.919,218.456,0.825071,-1,-1,-1
11,-1,40.970,98.738,59.819,225.752,0.793054,-1,-1,-1
11,-1,468.614,88.551,84.482,234.766,0.790642,-1,-1,-1
11,-1,554.540,88.533,73.879,192.412,0.785869,-1,-1,-1
11,-1,373.153,82.619,89.310,243.026,0.782703,-1,-1,-1
11,-1,180.985,98.409,41.243,155.352,0.711515,-1,-1,-1
11,-1,110.722,39.018,81.631,229.798,0.488823,-1,-1,-1
11,-1,618.117,168.428,20.883,69.427,0.360384,-1,-1,-1
12,-1,227.287,98.711,92.717,217.584,0.849202,-1,-1,-1
12,-1,468.678,90.540,91.469,230.844,0.810868,-1,-1,-1
12,-1,375.310,80.542,88.508,238.551,0.810783,-1,-1,-1
12,-1,551.275,87.292,69.745,194.451,0.803329,-1,-1,-1
12,-1,33.697,98.655,61.703,226.372,0.802150,-1,-1,-1
12,-1,180.185,98.458,41.161,154.439,0.715411,-1,-1,-1
12,-1,613.567,164.442,25.433,74.365,0.429943,-1,-1,-1
12,-1,604.879,88.189,33.937,185.503,0.361101,-1,-1,-1
12,-1,608.896,116.905,30.104,118.301,0.358583,-1,-1,-1
13,-1,233.834,98.260,88.398,217.126,0.862317,-1,-1,-1
13,-1,377.474,79.603,87.964,240.040,0.813246,-1,-1,-1
13,-1,471.474,93.420,95.178,228.417,0.805938,-1,-1,-1
13,-1,25.275,99.029,64.835,226.696,0.799365,-1,-1,-1
13,-1,552.438,86.527,64.286,196.292,0.778219,-1,-1,-1
13,-1,180.542,99.099,40.823,153.995,0.717956,-1,-1,-1
13,-1,601.947,99.478,37.053,155.942,0.385142,-1,-1,-1
13,-1,116.455,40.534,79.232,224.002,0.367569,-1,-1,-1
13,-1,616.755,138.465,22.245,100.266,0.359111,-1,-1,-1
13,-1,608.259,108.644,30.741,102.727,0.358193,-1,-1,-1
14,-1,473.814,96.665,96.955,223.907,0.823195,-1,-1,-1
14,-1,381.123,79.233,89.078,241.304,0.803872,-1,-1,-1
14,-1,240.880,95.617,80.779,216.686,0.795224,-1,-1,-1
14,-1,17.713,98.482,69.398,226.660,0.789477,-1,-1,-1
14,-1,553.176,86.358,60.757,192.113,0.776167,-1,-1,-1
14,-1,180.055,98.122,40.719,154.516,0.730215,-1,-1,-1
14,-1,605.705,106.488,33.295,107.658,0.429867,-1,-1,-1
15,-1,474.401,95.767,98.712,225.451,0.831921,-1,-1,-1
15,-1,243.355,93.280,78.380,219.313,0.827926,-1,-1,-1
15,-1,8.689,99.148,78.233,226.482,0.820795,-1,-1,-1
15,-1,384.255,79.331,89.405,241.248,0.812323,-1,-1,-1
15,-1,549.548,86.862,60.741,191.401,0.748096,-1,-1,-1
15,-1,180.486,97.412,39.843,155.452,0.704021,-1,-1,-1
15,-1,598.195,105.175,40.805,133.037,0.497731,-1,-1,-1
16,-1,386.522,79.806,88.314,240.441,0.821682,-1,-1,-1
16,-1,1.173,101.477,85.943,225.653,0.814969,-1,-1,-1
16,-1,246.827,94.079,75.742,218.250,0.811721,-1,-1,-1
16,-1,478.411,95.483,96.354,227.204,0.788951,-1,-1,-1
16,-1,180.302,96.930,39.480,155.652,0.734196,-1,-1,-1
16,-1,546.764,87.530,60.742,191.041,0.700194,-1,-1,-1
16,-1,594.077,106.411,44.923,133.262,0.530212,-1,-1,-1
17,-1,249.729,91.768,73.902,220.369,0.814705,-1,-1,-1
17,-1,388.158,80.812,89.740,238.789,0.813536,-1,-1,-1
17,-1,0.096,102.344,86.896,225.456,0.790269,-1,-1,-1
17,-1,480.499,93.597,92.279,230.195,0.776827,-1,-1,-1
17,-1,180.077,96.403,39.948,156.604,0.733504,-1,-1,-1
17,-1,544.000,88.694,60.566,187.400,0.677835,-1,-1,-1
17,-1,593.829,105.421,44.821,136.329,0.543061,-1,-1,-1
18,-1,253.634,91.603,72.339,219.097,0.831494,-1,-1,-1
18,-1,392.506,83.180,90.705,236.662,0.818979,-1,-1,-1
18,-1,0.014,103.793,87.024,224.802,0.770241,-1,-1,-1
18,-1,482.477,91.037,91.444,232.363,0.749952,-1,-1,-1
18,-1,180.193,96.235,39.142,156.330,0.722715,-1,-1,-1
18,-1,545.246,91.229,56.087,190.649,0.632891,-1,-1,-1
18,-1,592.433,106.342,46.055,133.875,0.550251,-1,-1,-1
18,-1,113.405,40.537,73.550,225.067,0.385117,-1,-1,-1
19,-1,395.513,84.667,93.308,235.842,0.814412,-1,-1,-1
19,-1,254.761,91.955,76.040,219.244,0.802570,-1,-1,-1
19,-1,0.001,103.111,84.490,228.039,0.791510,-1,-1,-1
19,-1,180.198,96.314,39.363,156.207,0.729178,-1,-1,-1
19,-1,485.361,90.864,90.463,231.427,0.701191,-1,-1,-1
19,-1,591.547,104.670,46.974,135.058,0.555193,-1,-1,-1
19,-1,547.482,93.519,53.898,198.071,0.529235,-1,-1,-1
19,-1,114.436,39.064,70.837,227.455,0.398864,-1,-1,-1
19,-1,615.558,165.544,23.442,74.005,0.365515,-1,-1,-1
20,-1,261.626,94.262,76.295,216.095,0.838250,-1,-1,-1
20,-1,399.279,86.507,94.248,232.383,0.809565,-1,-1,-1
20,-1,0.000,104.022,80.965,225.949,0.792150,-1,-1,-1
20,-1,180.148,96.376,38.717,156.240,0.724215,-1,-1,-1
20,-1,494.549,89.575,81.265,228.709,0.694483,-1,-1,-1
20,-1,592.049,106.795,46.951,133.650,0.527055,-1,-1,-1
20,-1,551.302,93.775,49.443,217.915,0.521443,-1,-1,-1
20,-1,116.024,39.040,72.079,225.427,0.376836,-1,-1,-1
20,-1,613.073,166.985,25.927,73.126,0.374108,-1,-1,-1
21,-1,265.574,96.809,80.034,212.636,0.842849,-1,-1,-1
21,-1,401.175,84.949,94.202,234.635,0.833622,-1,-1,-1
21,-1,501.082,85.773,99.924,230.882,0.791659,-1,-1,-1
21,-1,0.000,99.842,74.531,228.952,0.776982,-1,-1,-1
21,-1,179.964,95.186,39.111,157.062,0.725077,-1,-1,-1
21,-1,590.449,109.096,48.551,131.172,0.513809,-1,-1,-1
21,-1,115.122,38.525,71.981,225.944,0.418997,-1,-1,-1
22,-1,268.011,97.465,81.214,212.275,0.839945,-1,-1,-1
22,-1,403.647,85.349,92.565,232.378,0.830177,-1,-1,-1
22,-1,0.000,97.143,66.699,230.668,0.756276,-1,-1,-1
22,-1,508.046,86.785,87.254,228.658,0.749829,-1,-1,-1
22,-1,180.084,95.240,38.889,157.336,0.716039,-1,-1,-1
22,-1,585.585,103.771,53.073,137.453,0.517253,-1,-1,-1
22,-1,115.362,37.921,71.705,226.704,0.408051,-1,-1,-1
22,-1,345.919,116.651,51.349,90.108,0.350526,-1,-1,-1
23,-1,268.342,99.560,80.873,209.594,0.840768,-1,-1,-1
23,-1,405.551,85.442,89.040,232.048,0.816630,-1,-1,-1
23,-1,509.624,86.104,85.372,228.949,0.754034,-1,-1,-1
23,-1,179.516,95.403,39.712,157.999,0.719898,-1,-1,-1
23,-1,0.000,82.906,54.436,244.791,0.681012,-1,-1,-1
23,-1,588.156,109.116,49.745,132.014,0.463992,-1,-1,-1
23,-1,112.741,38.743,74.651,226.266,0.432183,-1,-1,-1
23,-1,607.862,114.019,31.138,123.870,0.374590,-1,-1,-1
24,-1,270.474,99.380,79.909,209.118,0.861287,-1,-1,-1
24,-1,409.388,84.968,94.329,232.254,0.799031,-1,-1,-1
24,-1,508.823,85.284,89.891,229.134,0.756265,-1,-1,-1
24,-1,180.083,96.251,39.286,157.412,0.698752,-1,-1,-1
24,-1,0.004,80.363,44.513,249.887,0.600477,-1,-1,-1
24,-1,112.864,38.368,71.150,227.158,0.480408,-1,-1,-1
24,-1,586.900,112.595,47.037,126.380,0.474941,-1,-1,-1
24,-1,486.273,113.469,29.894,34.320,0.401223,-1,-1,-1
24,-1,606.936,114.192,32.064,124.094,0.382926,-1,-1,-1
25,-1,274.663,100.090,76.884,207.806,0.855346,-1,-1,-1
25,-1,414.300,84.514,96.293,231.649,0.783193,-1,-1,-1
25,-1,508.156,88.535,86.742,225.951,0.731617,-1,-1,-1
25,-1,179.033,96.978,40.370,156.642,0.702678,-1,-1,-1
25,-1,587.508,112.594,49.624,129.797,0.478933,-1,-1,-1
25,-1,115.510,39.085,71.880,225.558,0.468168,-1,-1,-1
25,-1,0.002,78.283,36.930,251.878,0.460600,-1,-1,-1
25,-1,604.755,115.961,34.245,121.637,0.375834,-1,-1,-1
25,-1,486.215,112.964,31.203,39.162,0.365016,-1,-1,-1
26,-1,277.541,98.677,76.275,208.487,0.840970,-1,-1,-1
26,-1,417.397,81.546,93.860,233.746,0.801709,-1,-1,-1
26,-1,508.049,94.239,87.061,220.096,0.725326,-1,-1,-1
26,-1,179.363,94.961,40.002,159.390,0.693233,-1,-1,-1
26,-1,113.078,37.262,75.244,230.059,0.524699,-1,-1,-1
26,-1,586.970,111.576,47.515,131.307,0.477493,-1,-1,-1
26,-1,608.249,163.703,30.751,76.127,0.361559,-1,-1,-1
26,-1,486.286,112.869,33.452,89.882,0.360728,-1,-1,-1
27,-1,288.601,96.830,72.115,208.467,0.818080,-1,-1,-1
27,-1,419.741,80.757,89.677,233.448,0.794581,-1,-1,-1
27,-1,179.162,94.505,40.456,159.716,0.683998,-1,-1,-1
27,-1,508.901,93.203,90.886,221.459,0.610621,-1,-1,-1
27,-1,114.310,37.615,73.107,231.612,0.488830,-1,-1,-1
27,-1,578.467,99.513,46.398,142.363,0.458808,-1,-1,-1
27,-1,592.924,105.848,45.672,136.094,0.421180,-1,-1,-1
27,-1,506.328,91.452,40.772,202.494,0.414018,-1,-1,-1
27,-1,608.002,163.573,30.998,76.705,0.362270,-1,-1,-1
28,-1,294.733,94.609,69.501,209.874,0.839976,-1,-1,-1
28,-1,425.200,80.356,86.010,233.131,0.739398,-1,-1,-1
28,-1,177.883,97.523,41.191,156.057,0.690004,-1,-1,-1
28,-1,517.677,95.476,82.615,219.355,0.609400,-1,-1,-1
28,-1,503.443,91.502,42.201,192.395,0.516594,-1,-1,-1
28,-1,505.925,92.815,67.588,211.452,0.486334,-1,-1,-1
28,-1,114.365,38.174,75.950,228.739,0.485226,-1,-1,-1
28,-1,580.508,100.473,41.371,140.816,0.478364,-1,-1,-1
28,-1,588.474,106.671,47.319,135.522,0.415957,-1,-1,-1
28,-1,604.086,162.213,32.650,78.093,0.364577,-1,-1,-1
29,-1,301.221,94.955,72.509,207.893,0.857007,-1,-1,-1
29,-1,429.352,80.983,77.961,232.781,0.751589,-1,-1,-1
29,-1,178.651,97.185,40.904,157.508,0.677992,-1,-1,-1
29,-1,526.271,95.910,76.734,218.454,0.627876,-1,-1,-1
29,-1,497.604,90.623,45.042,192.760,0.572919,-1,-1,-1
29,-1,114.505,37.252,75.328,229.059,0.466659,-1,-1,-1
29,-1,501.605,94.072,67.666,209.156,0.438362,-1,-1,-1
29,-1,580.827,97.064,47.961,144.563,0.435504,-1,-1,-1
29,-1,562.939,95.452,65.770,202.345,0.383406,-1,-1,-1
29,-1,593.301,129.774,41.454,107.570,0.372911,-1,-1,-1
29,-1,596.660,167.375,37.172,72.829,0.372482,-1,-1,-1
30,-1,305.217,95.533,74.097,206.682,0.842062,-1,-1,-1
30,-1,434.057,81.465,76.869,232.494,0.741320,-1,-1,-1
30,-1,178.776,97.564,40.417,156.298,0.688807,-1,-1,-1
30,-1,529.701,93.303,78.161,221.533,0.638704,-1,-1,-1
30,-1,500.223,91.268,43.071,191.436,0.578762,-1,-1,-1
30,-1,114.043,39.140,72.905,226.836,0.481167,-1,-1,-1
30,-1,596.924,168.559,36.457,71.681,0.452069,-1,-1,-1
30,-1,591.705,122.999,46.094,115.712,0.374422,-1,-1,-1
31,-1,306.623,91.830,78.930,211.238,0.828308,-1,-1,-1
31,-1,531.976,93.922,90.411,220.574,0.728617,-1,-1,-1
31,-1,437.846,82.037,85.893,231.483,0.689545,-1,-1,-1
31,-1,178.511,97.068,40.558,157.317,0.683596,-1,-1,-1
31,-1,497.452,91.807,52.896,192.973,0.525385,-1,-1,-1
31,-1,113.381,38.829,76.523,228.005,0.478546,-1,-1,-1
31,-1,596.277,170.955,36.709,70.278,0.355015,-1,-1,-1
32,-1,308.362,93.373,80.631,209.648,0.828316,-1,-1,-1
32,-1,537.672,93.365,82.963,220.924,0.734069,-1,-1,-1
32,-1,177.578,98.981,41.422,155.653,0.676376,-1,-1,-1
32,-1,440.778,84.015,75.080,229.546,0.653079,-1,-1,-1
32,-1,496.635,92.492,61.525,191.493,0.555271,-1,-1,-1
32,-1,112.816,39.340,78.744,228.133,0.512651,-1,-1,-1
33,-1,316.903,96.483,77.405,206.858,0.853109,-1,-1,-1
33,-1,539.320,91.471,80.680,222.367,0.774998,-1,-1,-1
33,-1,177.909,98.674,40.961,155.352,0.689771,-1,-1,-1
33,-1,445.017,85.519,68.908,226.667,0.640523,-1,-1,-1
33,-1,495.358,94.322,60.082,190.789,0.619311,-1,-1,-1
33,-1,112.438,39.667,77.461,225.971,0.477552,-1,-1,-1
34,-1,318.418,98.711,78.728,203.574,0.843742,-1,-1,-1
34,-1,542.600,91.345,81.572,223.026,0.755881,-1,-1,-1
34,-1,177.934,98.195,40.955,156.401,0.674405,-1,-1,-1
34,-1,492.563,92.206,59.105,189.922,0.615302,-1,-1,-1
34,-1,447.229,88.233,69.666,222.461,0.599572,-1,-1,-1
34,-1,113.901,36.864,75.678,230.048,0.497075,-1,-1,-1
35,-1,319.367,99.607,76.947,202.022,0.838017,-1,-1,-1
35,-1,546.210,89.718,84.418,222.374,0.769305,-1,-1,-1
35,-1,178.006,99.372,40.393,154.568,0.679422,-1,-1,-1
35,-1,450.181,89.978,80.847,221.438,0.614399,-1,-1,-1
35,-1,492.500,90.734,54.044,198.999,0.542759,-1,-1,-1
35,-1,111.320,36.476,77.678,231.436,0.502534,-1,-1,-1
35,-1,582.833,90.313,56.167,220.026,0.404621,-1,-1,-1
36,-1,321.590,99.532,80.627,200.945,0.847531,-1,-1,-1
36,-1,548.694,87.982,89.096,220.045,0.742470,-1,-1,-1
36,-1,177.325,98.805,40.717,155.538,0.684385,-1,-1,-1
36,-1,452.199,90.571,92.021,220.558,0.684120,-1,-1,-1
36,-1,113.519,39.429,76.730,227.237,0.523915,-1,-1,-1
37,-1,326.533,97.965,78.843,203.082,0.850202,-1,-1,-1
37,-1,454.097,91.028,92.358,221.430,0.734940,-1,-1,-1
37,-1,550.761,85.760,86.293,222.056,0.728734,-1,-1,-1
37,-1,179.151,97.273,39.005,156.000,0.672620,-1,-1,-1
37,-1,112.937,37.806,76.407,229.857,0.506063,-1,-1,-1
37,-1,443.937,177.220,28.325,57.935,0.389450,-1,-1,-1
37,-1,449.584,96.177,46.682,157.568,0.372408,-1,-1,-1
38,-1,333.485,97.437,75.802,203.681,0.838953,-1,-1,-1
38,-1,455.597,90.572,91.294,221.692,0.774418,-1,-1,-1
38,-1,553.109,87.613,82.278,220.786,0.748060,-1,-1,-1
38,-1,177.565,98.590,40.461,156.776,0.680149,-1,-1,-1
38,-1,113.385,38.045,76.040,231.271,0.576551,-1,-1,-1
38,-1,450.184,94.947,36.853,179.379,0.402344,-1,-1,-1
38,-1,443.357,105.139,28.728,124.505,0.371530,-1,-1,-1
39,-1,339.612,97.368,70.810,201.285,0.826884,-1,-1,-1
39,-1,460.089,89.591,87.714,221.994,0.798607,-1,-1,-1
39,-1,557.010,88.803,78.603,220.571,0.765612,-1,-1,-1
39,-1,177.596,99.033,40.265,156.115,0.665126,-1,-1,-1
39,-1,114.004,39.006,77.016,228.603,0.511225,-1,-1,-1
39,-1,441.923,106.625,31.226,123.074,0.453233,-1,-1,-1
39,-1,446.765,99.772,35.679,145.545,0.395721,-1,-1,-1
40,-1,344.333,96.219,68.116,200.147,0.826768,-1,-1,-1
40,-1,465.733,88.910,82.771,221.951,0.803424,-1,-1,-1
40,-1,560.038,88.878,78.089,219.643,0.757750,-1,-1,-1
40,-1,176.998,98.057,40.918,156.454,0.667088,-1,-1,-1
40,-1,111.861,37.866,78.358,229.926,0.563261,-1,-1,-1
40,-1,441.294,105.875,31.448,124.122,0.557603,-1,-1,-1
41,-1,346.578,94.546,66.474,202.088,0.843674,-1,-1,-1
41,-1,563.281,90.417,74.459,218.091,0.805420,-1,-1,-1
41,-1,466.570,87.861,84.030,219.415,0.787913,-1,-1,-1
41,-1,177.702,97.787,40.148,157.057,0.675185,-1,-1,-1
41,-1,441.293,104.182,35.072,133.558,0.564024,-1,-1,-1
41,-1,114.350,36.788,75.983,230.382,0.480185,-1,-1,-1
42,-1,563.878,91.713,75.122,217.151,0.853551,-1,-1,-1
42,-1,347.128,93.965,71.928,202.034,0.821050,-1,-1,-1
42,-1,467.432,86.320,85.464,221.613,0.793563,-1,-1,-1
42,-1,176.752,95.250,40.976,158.499,0.674531,-1,-1,-1
42,-1,440.708,111.417,32.378,126.230,0.618660,-1,-1,-1
42,-1,111.828,37.779,77.861,228.423,0.537987,-1,-1,-1
43,-1,564.664,91.032,74.336,217.730,0.855721,-1,-1,-1
43,-1,352.017,94.244,68.548,200.328,0.812234,-1,-1,-1
43,-1,464.922,85.557,91.271,221.096,0.762875,-1,-1,-1
43,-1,440.407,111.509,32.290,127.736,0.667171,-1,-1,-1
43,-1,176.020,98.414,41.962,157.406,0.660229,-1,-1,-1
43,-1,113.437,37.646,77.272,229.946,0.507027,-1,-1,-1
44,-1,566.298,93.753,72.702,214.231,0.826428,-1,-1,-1
44,-1,356.323,94.854,68.735,199.340,0.806389,-1,-1,-1
44,-1,463.211,85.814,95.706,217.209,0.758954,-1,-1,-1
44,-1,176.657,95.369,41.311,159.114,0.677036,-1,-1,-1
44,-1,438.762,111.543,32.959,127.099,0.638027,-1,-1,-1
44,-1,113.674,36.847,75.706,230.948,0.530659,-1,-1,-1
45,-1,568.391,94.631,70.609,214.566,0.840751,-1,-1,-1
45,-1,360.958,95.398,72.253,198.445,0.811477,-1,-1,-1
45,-1,461.222,85.072,102.307,221.528,0.731144,-1,-1,-1
45,-1,176.591,94.692,41.180,159.999,0.677158,-1,-1,-1
45,-1,436.664,111.328,34.363,127.228,0.600017,-1,-1,-1
45,-1,112.400,36.008,78.167,232.229,0.521209,-1,-1,-1
45,-1,443.442,106.913,38.974,141.983,0.364962,-1,-1,-1
46,-1,572.943,95.208,66.057,214.135,0.836077,-1,-1,-1
46,-1,365.739,97.789,74.720,196.373,0.807929,-1,-1,-1
46,-1,467.805,86.786,97.714,219.188,0.744011,-1,-1,-1
46,-1,176.408,96.026,41.070,159.041,0.677161,-1,-1,-1
46,-1,435.036,111.281,35.156,127.364,0.615805,-1,-1,-1
46,-1,113.608,36.965,77.620,230.976,0.487734,-1,-1,-1
46,-1,460.897,92.325,43.030,208.360,0.468606,-1,-1,-1
46,-1,458.163,104.659,32.539,144.539,0.405450,-1,-1,-1
47,-1,573.722,92.702,65.278,216.346,0.817090,-1,-1,-1
47,-1,367.577,99.163,74.109,195.262,0.810664,-1,-1,-1
47,-1,482.198,88.521,90.311,218.411,0.724840,-1,-1,-1
47,-1,176.366,94.430,41.146,161.078,0.658261,-1,-1,-1
47,-1,434.213,111.485,33.483,126.865,0.625561,-1,-1,-1
47,-1,112.260,39.356,84.398,229.598,0.555393,-1,-1,-1
47,-1,457.580,100.100,39.510,161.021,0.551634,-1,-1,-1
48,-1,369.526,99.633,71.956,195.077,0.823576,-1,-1,-1
48,-1,577.282,93.897,61.718,214.466,0.785854,-1,-1,-1
48,-1,483.065,87.607,94.454,218.243,0.760637,-1,-1,-1
48,-1,176.180,94.702,41.398,160.584,0.670341,-1,-1,-1
48,-1,114.442,38.802,80.614,229.721,0.588253,-1,-1,-1
48,-1,454.371,95.710,42.323,172.625,0.566823,-1,-1,-1
48,-1,432.279,111.247,32.207,126.701,0.549353,-1,-1,-1
49,-1,369.920,100.091,71.839,194.752,0.838501,-1,-1,-1
49,-1,488.440,90.248,93.163,215.014,0.805438,-1,-1,-1
49,-1,581.433,93.709,57.567,214.966,0.727266,-1,-1,-1
49,-1,176.354,93.518,41.436,161.111,0.678565,-1,-1,-1
49,-1,451.449,93.649,45.842,180.333,0.651083,-1,-1,-1
49,-1,114.030,37.974,76.267,230.118,0.526786,-1,-1,-1
49,-1,430.469,111.206,31.808,126.183,0.491621,-1,-1,-1
49,-1,432.345,104.906,44.477,155.478,0.454522,-1,-1,-1
49,-1,347.831,122.688,37.825,81.998,0.363639,-1,-1,-1
50,-1,489.023,91.439,96.239,213.585,0.835208,-1,-1,-1
50,-1,371.826,97.643,71.494,194.221,0.825498,-1,-1,-1
50,-1,583.107,96.835,55.893,210.625,0.716383,-1,-1,-1
50,-1,441.805,91.343,58.592,185.148,0.691158,-1,-1,-1
50,-1,176.354,93.606,41.353,161.275,0.666682,-1,-1,-1
50,-1,112.930,36.631,79.496,231.451,0.542376,-1,-1,-1
51,-1,491.319,90.240,96.330,215.486,0.852257,-1,-1,-1
51,-1,375.152,98.141,72.277,192.122,0.815283,-1,-1,-1
51,-1,439.853,92.578,58.617,181.915,0.727208,-1,-1,-1
51,-1,590.155,90.285,48.845,212.374,0.703180,-1,-1,-1
51,-1,176.526,94.431,40.995,159.985,0.682083,-1,-1,-1
51,-1,110.874,37.646,83.875,228.888,0.519301,-1,-1,-1
51,-1,348.497,120.062,44.562,84.064,0.363409,-1,-1,-1
52,-1,493.005,90.004,98.656,215.295,0.820894,-1,-1,-1
52,-1,443.069,90.991,55.722,183.960,0.760083,-1,-1,-1
52,-1,386.143,98.265,68.987,190.692,0.755381,-1,-1,-1
52,-1,591.999,90.575,47.001,210.912,0.704262,-1,-1,-1
52,-1,175.812,93.782,41.908,161.410,0.673404,-1,-1,-1
52,-1,112.838,37.001,80.234,230.816,0.518362,-1,-1,-1
53,-1,497.261,88.725,100.654,215.967,0.788435,-1,-1,-1
53,-1,445.442,92.095,52.393,183.419,0.766838,-1,-1,-1
53,-1,392.509,96.720,64.688,192.166,0.763947,-1,-1,-1
53,-1,176.499,95.493,41.133,158.521,0.673704,-1,-1,-1
53,-1,594.056,87.891,44.944,213.826,0.661865,-1,-1,-1
53,-1,112.035,38.133,78.776,230.968,0.527773,-1,-1,-1
54,-1,399.145,95.271,60.942,193.080,0.788199,-1,-1,-1
54,-1,499.634,87.134,103.528,217.391,0.757699,-1,-1,-1
54,-1,445.239,94.428,49.322,181.647,0.742043,-1,-1,-1
54,-1,176.601,94.593,41.200,160.148,0.674961,-1,-1,-1
54,-1,592.788,89.398,46.212,212.592,0.626014,-1,-1,-1
54,-1,111.416,38.915,84.057,230.185,0.550263,-1,-1,-1
55,-1,402.132,94.843,62.099,193.739,0.780418,-1,-1,-1
55,-1,501.540,88.388,97.753,213.150,0.766897,-1,-1,-1
55,-1,448.633,95.967,44.640,181.899,0.686517,-1,-1,-1
55,-1,176.730,95.666,40.939,159.457,0.661546,-1,-1,-1
55,-1,595.238,96.353,43.762,207.084,0.605375,-1,-1,-1
55,-1,110.845,39.424,86.820,229.499,0.546174,-1,-1,-1
56,-1,510.180,88.447,86.899,211.790,0.776684,-1,-1,-1
56,-1,405.243,95.509,78.653,192.973,0.766060,-1,-1,-1
56,-1,177.079,96.288,40.671,158.432,0.676605,-1,-1,-1
56,-1,444.188,96.965,46.568,191.125,0.590211,-1,-1,-1
56,-1,597.564,97.956,41.436,198.902,0.490782,-1,-1,-1
56,-1,111.632,39.660,84.388,227.200,0.473366,-1,-1,-1
57,-1,515.602,84.120,81.691,215.510,0.795859,-1,-1,-1
57,-1,408.712,94.858,78.165,192.455,0.787918,-1,-1,-1
57,-1,176.654,95.484,40.641,159.751,0.688376,-1,-1,-1
57,-1,112.844,36.976,78.648,231.023,0.522975,-1,-1,-1
57,-1,602.287,103.245,36.713,190.673,0.469013,-1,-1,-1
57,-1,579.765,102.378,47.012,152.337,0.447354,-1,-1,-1
58,-1,408.277,95.498,77.739,192.455,0.800837,-1,-1,-1
58,-1,523.490,84.878,73.861,214.205,0.768101,-1,-1,-1
58,-1,177.270,96.651,40.442,159.031,0.679765,-1,-1,-1
58,-1,112.783,37.324,77.639,230.472,0.535620,-1,-1,-1
58,-1,596.606,105.467,42.394,168.694,0.433743,-1,-1,-1
58,-1,580.206,101.699,43.139,153.552,0.421579,-1,-1,-1
58,-1,613.281,111.719,25.719,126.133,0.362508,-1,-1,-1
59,-1,405.221,97.260,80.264,190.348,0.830776,-1,-1,-1
59,-1,527.503,85.543,73.774,213.561,0.747902,-1,-1,-1
59,-1,178.426,95.835,39.506,158.731,0.691774,-1,-1,-1
59,-1,112.433,41.399,78.207,227.092,0.589603,-1,-1,-1
59,-1,599.535,107.363,39.465,151.871,0.446416,-1,-1,-1
59,-1,612.338,113.121,26.662,125.042,0.395899,-1,-1,-1
60,-1,406.758,97.745,79.956,189.615,0.811017,-1,-1,-1
60,-1,529.632,85.761,81.245,211.939,0.730637,-1,-1,-1
60,-1,177.490,94.968,40.660,160.867,0.693785,-1,-1,-1
60,-1,111.885,39.420,78.973,228.496,0.516162,-1,-1,-1
60,-1,604.252,109.038,34.748,155.655,0.460321,-1,-1,-1
60,-1,614.827,116.366,24.173,118.987,0.409262,-1,-1,-1
61,-1,411.498,98.900,75.932,190.711,0.796687,-1,-1,-1
61,-1,532.352,84.436,82.220,215.691,0.752909,-1,-1,-1
61,-1,176.934,93.832,41.058,161.471,0.708689,-1,-1,-1
61,-1,114.607,37.526,74.094,230.080,0.531003,-1,-1,-1
61,-1,604.159,109.849,34.841,138.996,0.426061,-1,-1,-1
61,-1,618.521,116.904,20.479,120.034,0.423899,-1,-1,-1
62,-1,420.267,99.740,73.105,189.481,0.772490,-1,-1,-1
62,-1,534.200,86.533,82.068,214.990,0.765727,-1,-1,-1
62,-1,177.456,94.307,40.741,162.111,0.700691,-1,-1,-1
62,-1,112.191,37.785,76.666,228.736,0.549250,-1,-1,-1
62,-1,619.835,115.435,19.165,122.121,0.476880,-1,-1,-1
62,-1,397.921,95.165,44.673,183.807,0.463973,-1,-1,-1
62,-1,599.064,110.748,39.936,131.911,0.410828,-1,-1,-1
63,-1,428.739,100.799,68.001,187.100,0.768068,-1,-1,-1
63,-1,537.987,89.462,78.297,212.047,0.750302,-1,-1,-1
63,-1,177.538,94.290,40.944,161.681,0.703068,-1,-1,-1
63,-1,395.709,96.925,49.900,178.414,0.659030,-1,-1,-1
63,-1,113.988,35.734,75.743,230.622,0.539065,-1,-1,-1
63,-1,599.398,116.176,39.602,126.676,0.400165,-1,-1,-1
63,-1,616.255,121.403,22.745,124.821,0.398536,-1,-1,-1
63,-1,619.493,118.537,19.507,89.438,0.367347,-1,-1,-1
63,-1,589.481,182.398,26.962,59.053,0.363879,-1,-1,-1
64,-1,542.320,92.133,76.169,207.503,0.754958,-1,-1,-1
64,-1,433.774,100.353,63.468,185.739,0.730196,-1,-1,-1
64,-1,178.482,94.282,39.788,162.023,0.684755,-1,-1,-1
64,-1,395.388,97.116,53.495,176.275,0.673953,-1,-1,-1
64,-1,405.399,97.515,71.018,180.522,0.572338,-1,-1,-1
64,-1,110.162,37.506,78.855,230.453,0.540884,-1,-1,-1
64,-1,600.273,107.341,38.727,146.662,0.378641,-1,-1,-1
65,-1,544.530,93.679,77.353,205.294,0.764201,-1,-1,-1
65,-1,436.713,96.713,61.576,188.011,0.723532,-1,-1,-1
65,-1,393.786,95.021,56.825,178.342,0.702864,-1,-1,-1
65,-1,178.077,93.592,40.859,161.316,0.686507,-1,-1,-1
65,-1,408.619,94.387,69.886,181.907,0.566477,-1,-1,-1
65,-1,111.621,37.901,76.757,232.240,0.515606,-1,-1,-1
65,-1,601.335,105.150,37.665,151.458,0.372003,-1,-1,-1
66,-1,548.006,92.765,79.891,205.444,0.773910,-1,-1,-1
66,-1,440.045,95.082,60.997,187.465,0.770307,-1,-1,-1
66,-1,394.122,92.710,61.194,179.000,0.735991,-1,-1,-1
66,-1,179.072,94.920,40.552,160.256,0.697708,-1,-1,-1
66,-1,111.118,36.594,79.053,231.359,0.556218,-1,-1,-1
66,-1,596.076,95.336,42.924,195.479,0.354930,-1,-1,-1
67,-1,440.854,95.056,60.704,186.965,0.787354,-1,-1,-1
67,-1,549.719,91.016,76.351,207.034,0.786079,-1,-1,-1
67,-1,391.935,92.736,61.046,178.490,0.761164,-1,-1,-1
67,-1,180.227,95.180,40.257,158.943,0.696947,-1,-1,-1
67,-1,111.431,36.961,75.826,230.418,0.483008,-1,-1,-1
67,-1,600.339,184.433,36.488,60.769,0.395373,-1,-1,-1
68,-1,443.563,93.990,60.199,189.648,0.806233,-1,-1,-1
68,-1,390.576,92.699,59.884,178.078,0.799980,-1,-1,-1
68,-1,180.129,95.067,40.071,160.261,0.704102,-1,-1,-1
68,-1,554.267,93.862,70.428,202.634,0.704032,-1,-1,-1
68,-1,112.702,37.936,75.824,229.108,0.511821,-1,-1,-1
68,-1,613.438,156.211,25.562,113.631,0.380817,-1,-1,-1
68,-1,592.462,95.097,44.867,201.157,0.380501,-1,-1,-1
69,-1,447.782,93.959,61.398,188.602,0.812015,-1,-1,-1
69,-1,389.598,92.444,59.541,177.776,0.804945,-1,-1,-1
69,-1,180.562,96.027,39.507,158.060,0.716429,-1,-1,-1
69,-1,560.295,90.696,66.615,203.044,0.647733,-1,-1,-1
69,-1,111.758,37.231,75.573,227.973,0.474564,-1,-1,-1
69,-1,617.895,150.875,21.105,120.904,0.444235,-1,-1,-1
69,-1,623.288,109.274,15.712,69.455,0.354377,-1,-1,-1
70,-1,448.788,93.844,63.757,188.880,0.800278,-1,-1,-1
70,-1,386.488,92.558,59.700,177.456,0.798576,-1,-1,-1
70,-1,180.949,95.385,39.594,158.259,0.708562,-1,-1,-1
70,-1,560.738,90.157,74.330,203.311,0.670180,-1,-1,-1
70,-1,112.687,40.614,74.848,225.482,0.492175,-1,-1,-1
71,-1,452.396,94.545,63.414,188.154,0.816371,-1,-1,-1
71,-1,384.388,93.689,61.528,178.007,0.791700,-1,-1,-1
71,-1,181.029,95.054,40.973,160.148,0.714532,-1,-1,-1
71,-1,560.261,88.302,78.739,204.832,0.698034,-1,-1,-1
71,-1,114.089,38.305,72.718,227.938,0.481353,-1,-1,-1
72,-1,454.371,95.560,63.085,186.864,0.836484,-1,-1,-1
72,-1,383.666,93.605,60.741,178.846,0.785445,-1,-1,-1
72,-1,561.059,85.473,77.941,206.524,0.716187,-1,-1,-1
72,-1,181.112,92.843,42.819,162.922,0.710533,-1,-1,-1
72,-1,112.873,38.561,74.065,229.944,0.577067,-1,-1,-1
73,-1,455.923,97.118,61.323,185.743,0.827556,-1,-1,-1
73,-1,383.028,94.455,59.487,177.803,0.803044,-1,-1,-1
73,-1,566.428,86.461,72.572,206.490,0.766648,-1,-1,-1
73,-1,180.999,92.626,44.204,162.737,0.729895,-1,-1,-1
73,-1,113.184,37.948,73.949,230.778,0.525517,-1,-1,-1
74,-1,457.775,98.401,67.091,183.794,0.826840,-1,-1,-1
74,-1,379.905,95.684,60.309,176.042,0.822564,-1,-1,-1
74,-1,567.441,87.268,71.559,206.102,0.791035,-1,-1,-1
74,-1,180.909,93.284,46.343,162.439,0.748568,-1,-1,-1
74,-1,115.406,36.770,72.882,230.094,0.519514,-1,-1,-1
75,-1,375.696,96.998,62.843,174.768,0.813464,-1,-1,-1
75,-1,460.551,99.066,65.786,182.721,0.811189,-1,-1,-1
75,-1,567.961,87.081,71.039,206.658,0.758902,-1,-1,-1
75,-1,180.348,93.008,48.607,163.033,0.751241,-1,-1,-1
75,-1,113.791,36.666,72.128,230.446,0.486856,-1,-1,-1
76,-1,461.374,97.341,68.383,185.297,0.820542,-1,-1,-1
76,-1,373.758,96.556,62.529,176.055,0.811880,-1,-1,-1
76,-1,179.949,93.191,49.435,162.544,0.762610,-1,-1,-1
76,-1,569.532,87.111,69.468,206.358,0.748467,-1,-1,-1
76,-1,114.983,37.026,71.827,230.079,0.521522,-1,-1,-1
77,-1,463.412,96.270,70.332,183.733,0.831875,-1,-1,-1
77,-1,369.887,96.890,62.950,175.094,0.809927,-1,-1,-1
77,-1,177.517,91.019,53.203,163.765,0.761051,-1,-1,-1
77,-1,568.529,88.400,70.471,205.380,0.751009,-1,-1,-1
77,-1,114.881,36.126,72.895,229.632,0.434952,-1,-1,-1
77,-1,558.859,111.654,29.066,127.225,0.352695,-1,-1,-1
78,-1,467.342,95.605,71.786,184.450,0.827002,-1,-1,-1
78,-1,367.681,96.584,63.924,175.339,0.809780,-1,-1,-1
78,-1,179.227,91.937,51.780,164.529,0.762057,-1,-1,-1
78,-1,572.212,94.184,66.788,197.817,0.682213,-1,-1,-1
78,-1,113.904,37.462,73.748,229.298,0.426802,-1,-1,-1
78,-1,559.397,112.094,29.524,126.902,0.415099,-1,-1,-1
79,-1,473.521,95.368,70.201,184.156,0.801399,-1,-1,-1
79,-1,177.944,91.580,53.338,164.568,0.779336,-1,-1,-1
79,-1,368.181,96.193,59.918,172.639,0.776403,-1,-1,-1
79,-1,575.645,94.876,63.355,197.299,0.650593,-1,-1,-1
79,-1,113.951,40.352,74.461,228.945,0.466744,-1,-1,-1
79,-1,556.667,97.066,35.836,175.757,0.423451,-1,-1,-1
80,-1,479.456,95.179,70.504,183.200,0.798057,-1,-1,-1
80,-1,176.943,93.947,54.363,161.650,0.781801,-1,-1,-1
80,-1,366.372,95.808,59.427,173.082,0.754768,-1,-1,-1
80,-1,580.797,93.782,58.203,199.418,0.632291,-1,-1,-1
80,-1,553.220,102.035,40.852,168.480,0.529692,-1,-1,-1
80,-1,569.060,97.681,51.671,185.570,0.517032,-1,-1,-1
80,-1,115.370,36.643,71.736,227.753,0.410746,-1,-1,-1
81,-1,177.631,89.078,53.981,167.306,0.781228,-1,-1,-1
81,-1,484.978,95.800,67.321,183.027,0.774039,-1,-1,-1
81,-1,364.675,95.669,57.816,173.809,0.731905,-1,-1,-1
81,-1,579.619,93.760,59.381,198.335,0.608101,-1,-1,-1
81,-1,553.282,107.028,44.191,163.703,0.507200,-1,-1,-1
81,-1,562.586,100.837,54.240,180.297,0.488111,-1,-1,-1
81,-1,387.627,100.969,46.057,167.690,0.485031,-1,-1,-1
81,-1,115.166,35.909,72.368,230.944,0.465912,-1,-1,-1
81,-1,551.201,111.991,34.962,79.459,0.392278,-1,-1,-1
81,-1,568.242,141.591,34.551,125.122,0.372999,-1,-1,-1
82,-1,178.463,88.728,54.174,166.477,0.782794,-1,-1,-1
82,-1,486.750,96.574,65.650,181.994,0.752573,-1,-1,-1
82,-1,361.544,97.504,53.591,168.958,0.733565,-1,-1,-1
82,-1,589.525,91.885,49.475,200.205,0.637196,-1,-1,-1
82,-1,552.550,106.819,48.773,164.204,0.552483,-1,-1,-1
82,-1,114.339,36.905,73.435,231.321,0.463966,-1,-1,-1
82,-1,402.523,107.155,37.305,147.706,0.429927,-1,-1,-1
82,-1,389.439,103.186,39.548,151.627,0.423358,-1,-1,-1
82,-1,566.049,139.662,38.795,127.392,0.353914,-1,-1,-1
83,-1,178.780,86.996,54.232,168.062,0.785071,-1,-1,-1
83,-1,489.523,97.223,62.993,181.818,0.759103,-1,-1,-1
83,-1,358.900,97.594,53.637,167.820,0.749978,-1,-1,-1
83,-1,590.961,89.556,48.039,203.414,0.678908,-1,-1,-1
83,-1,555.274,111.677,50.571,160.435,0.576912,-1,-1,-1
83,-1,113.805,37.611,72.239,229.536,0.480320,-1,-1,-1
83,-1,400.519,105.709,36.690,148.097,0.476638,-1,-1,-1
84,-1,490.398,99.745,65.252,178.093,0.833921,-1,-1,-1
84,-1,178.777,89.268,56.091,165.733,0.800622,-1,-1,-1
84,-1,357.383,94.032,52.983,173.345,0.751833,-1,-1,-1
84,-1,591.618,96.395,47.382,195.886,0.661167,-1,-1,-1
84,-1,554.730,116.195,50.671,155.631,0.607977,-1,-1,-1
84,-1,398.869,107.835,39.673,133.340,0.575998,-1,-1,-1
84,-1,115.495,37.284,70.081,221.819,0.360290,-1,-1,-1
85,-1,491.355,101.380,67.488,176.886,0.841688,-1,-1,-1
85,-1,179.143,92.812,56.569,161.390,0.783541,-1,-1,-1
85,-1,354.336,93.965,53.952,172.119,0.763402,-1,-1,-1
85,-1,595.184,97.775,43.816,189.743,0.639902,-1,-1,-1
85,-1,557.493,117.080,49.602,156.212,0.639868,-1,-1,-1
85,-1,398.012,108.540,39.066,132.437,0.625891,-1,-1,-1
86,-1,492.876,102.712,69.008,174.932,0.832537,-1,-1,-1
86,-1,179.207,94.298,57.402,160.634,0.782840,-1,-1,-1
86,-1,352.363,93.873,55.581,172.370,0.757911,-1,-1,-1
86,-1,397.317,108.158,41.275,133.322,0.648664,-1,-1,-1
86,-1,554.402,114.901,50.831,157.945,0.647359,-1,-1,-1
86,-1,602.606,97.689,36.394,184.958,0.590679,-1,-1,-1
87,-1,494.899,103.239,75.162,174.538,0.809839,-1,-1,-1
87,-1,178.617,93.148,58.716,161.710,0.768260,-1,-1,-1
87,-1,350.007,93.268,56.613,172.323,0.764659,-1,-1,-1
87,-1,396.243,107.824,42.112,133.016,0.628737,-1,-1,-1
87,-1,552.454,115.000,49.883,156.790,0.582976,-1,-1,-1
87,-1,609.259,96.828,29.741,186.548,0.537009,-1,-1,-1
87,-1,114.809,35.947,72.994,231.706,0.419823,-1,-1,-1
88,-1,496.005,104.052,74.520,173.850,0.802747,-1,-1,-1
88,-1,347.391,94.081,57.401,171.598,0.761038,-1,-1,-1
88,-1,178.940,92.835,58.988,161.988,0.759057,-1,-1,-1
88,-1,395.565,107.550,41.739,132.887,0.647745,-1,-1,-1
88,-1,553.029,107.856,45.289,166.712,0.532793,-1,-1,-1
88,-1,610.916,96.946,28.084,188.358,0.423329,-1,-1,-1
88,-1,114.017,37.913,73.325,229.425,0.421631,-1,-1,-1
88,-1,613.236,103.489,25.764,120.205,0.386873,-1,-1,-1
89,-1,179.032,94.349,59.520,160.686,0.769989,-1,-1,-1
89,-1,497.778,102.092,89.899,175.529,0.767696,-1,-1,-1
89,-1,346.268,94.756,56.956,170.544,0.761713,-1,-1,-1
89,-1,395.165,107.002,41.713,132.113,0.631597,-1,-1,-1
89,-1,615.797,104.125,23.203,105.703,0.598084,-1,-1,-1
89,-1,545.620,102.695,53.148,175.274,0.450002,-1,-1,-1
89,-1,114.271,37.669,72.688,230.403,0.397289,-1,-1,-1
90,-1,178.902,93.527,60.708,159.745,0.777158,-1,-1,-1
90,-1,339.369,95.531,63.455,169.523,0.764826,-1,-1,-1
90,-1,509.819,100.505,85.454,177.335,0.747206,-1,-1,-1
90,-1,395.608,111.110,36.453,127.762,0.610036,-1,-1,-1
90,-1,618.391,105.207,20.609,101.601,0.601046,-1,-1,-1
90,-1,115.695,35.277,71.483,232.280,0.353453,-1,-1,-1
91,-1,517.948,98.020,79.004,178.070,0.797155,-1,-1,-1
91,-1,334.010,94.873,68.691,170.382,0.777051,-1,-1,-1
91,-1,180.150,93.354,60.447,159.971,0.767611,-1,-1,-1
91,-1,395.469,111.130,36.224,127.628,0.575001,-1,-1,-1
91,-1,620.106,105.677,18.894,100.505,0.522284,-1,-1,-1
91,-1,114.332,39.369,73.894,228.746,0.419233,-1,-1,-1
91,-1,606.259,106.263,32.741,100.308,0.357495,-1,-1,-1
92,-1,329.885,94.518,72.207,171.330,0.804216,-1,-1,-1
92,-1,523.384,95.285,72.740,180.089,0.786533,-1,-1,-1
92,-1,181.677,93.856,59.862,159.739,0.768867,-1,-1,-1
92,-1,393.543,108.343,41.580,129.372,0.539950,-1,-1,-1
92,-1,621.865,109.208,17.135,96.548,0.487710,-1,-1,-1
92,-1,114.603,39.083,73.085,229.285,0.416048,-1,-1,-1
92,-1,603.774,110.484,35.226,95.806,0.354715,-1,-1,-1
93,-1,321.628,95.742,79.298,170.148,0.820421,-1,-1,-1
93,-1,523.083,95.469,74.513,178.970,0.816530,-1,-1,-1
93,-1,182.634,97.245,58.911,156.858,0.760562,-1,-1,-1
93,-1,390.160,107.058,42.039,135.300,0.570950,-1,-1,-1
93,-1,622.537,114.481,16.463,91.221,0.491858,-1,-1,-1
93,-1,115.084,36.384,73.654,232.881,0.392094,-1,-1,-1
94,-1,322.316,96.111,76.385,170.177,0.841906,-1,-1,-1
94,-1,518.120,96.447,80.036,177.555,0.809795,-1,-1,-1
94,-1,183.622,95.404,58.434,158.720,0.754378,-1,-1,-1
94,-1,389.742,105.917,41.770,134.694,0.630067,-1,-1,-1
94,-1,115.461,37.811,74.828,228.776,0.373872,-1,-1,-1
95,-1,324.205,96.058,73.147,170.406,0.834741,-1,-1,-1
95,-1,516.434,100.058,81.874,173.465,0.791996,-1,-1,-1
95,-1,184.668,96.437,57.604,158.180,0.754165,-1,-1,-1
95,-1,388.466,105.565,42.040,134.685,0.636251,-1,-1,-1
95,-1,114.360,38.708,77.476,229.428,0.527302,-1,-1,-1
96,-1,326.483,96.690,68.746,169.236,0.819068,-1,-1,-1
96,-1,184.684,94.345,57.526,158.874,0.747891,-1,-1,-1
96,-1,513.151,100.313,84.218,172.097,0.746387,-1,-1,-1
96,-1,386.789,106.320,42.903,134.044,0.643594,-1,-1,-1
96,-1,112.531,41.272,79.589,229.392,0.478791,-1,-1,-1
97,-1,324.477,99.829,69.693,166.743,0.810495,-1,-1,-1
97,-1,185.038,95.986,56.950,155.883,0.751567,-1,-1,-1
97,-1,387.838,105.762,43.296,134.973,0.670489,-1,-1,-1
97,-1,535.842,98.769,71.055,173.795,0.668516,-1,-1,-1
97,-1,511.460,104.841,50.469,166.949,0.595356,-1,-1,-1
97,-1,115.696,41.620,75.472,228.703,0.447216,-1,-1,-1
98,-1,320.931,98.554,69.612,167.312,0.816693,-1,-1,-1
98,-1,186.234,94.565,55.965,157.228,0.738590,-1,-1,-1
98,-1,387.767,106.582,44.023,134.141,0.709543,-1,-1,-1
98,-1,539.561,102.115,77.160,170.628,0.698415,-1,-1,-1
98,-1,509.333,107.455,48.645,163.660,0.623136,-1,-1,-1
98,-1,114.961,38.695,77.224,231.808,0.509899,-1,-1,-1
99,-1,321.093,97.570,66.097,168.195,0.808217,-1,-1,-1
99,-1,186.636,92.170,55.916,159.548,0.730143,-1,-1,-1
99,-1,385.952,106.706,45.942,134.240,0.727056,-1,-1,-1
99,-1,546.828,103.421,72.363,167.870,0.721584,-1,-1,-1
99,-1,507.374,111.854,53.299,161.495,0.707790,-1,-1,-1
99,-1,114.422,41.693,75.912,230.191,0.483915,-1,-1,-1
100,-1,320.136,95.879,64.612,168.118,0.811079,-1,-1,-1
100,-1,385.947,105.748,45.493,135.058,0.740225,-1,-1,-1
100,-1,547.273,108.006,70.851,163.432,0.737744,-1,-1,-1
100,-1,186.824,93.229,55.772,158.831,0.727497,-1,-1,-1
100,-1,505.991,111.248,55.135,160.180,0.704285,-1,-1,-1
100,-1,113.639,39.015,77.496,231.040,0.439147,-1,-1,-1
101,-1,319.439,95.721,62.357,167.167,0.805841,-1,-1,-1
101,-1,385.134,105.969,45.673,135.131,0.751265,-1,-1,-1
101,-1,546.668,107.638,69.217,163.500,0.736649,-1,-1,-1
101,-1,186.917,93.723,55.608,158.035,0.730044,-1,-1,-1
101,-1,504.829,110.079,53.438,157.578,0.706723,-1,-1,-1
101,-1,113.082,41.613,76.189,229.758,0.473942,-1,-1,-1
102,-1,316.778,93.460,65.239,172.176,0.784860,-1,-1,-1
102,-1,384.085,105.759,46.842,135.082,0.723615,-1,-1,-1
102,-1,186.204,94.642,56.384,157.010,0.723535,-1,-1,-1
102,-1,548.383,103.464,66.180,168.489,0.701810,-1,-1,-1
102,-1,502.413,114.936,54.292,150.467,0.652081,-1,-1,-1
102,-1,115.499,39.061,74.564,230.926,0.438095,-1,-1,-1
102,-1,533.816,120.780,35.330,125.210,0.372110,-1,-1,-1
103,-1,313.341,95.532,64.297,167.738,0.786427,-1,-1,-1
103,-1,557.721,103.615,63.696,166.361,0.731237,-1,-1,-1
103,-1,382.918,106.071,47.863,134.295,0.720173,-1,-1,-1
103,-1,186.517,93.981,55.983,158.495,0.710346,-1,-1,-1
103,-1,499.547,113.903,49.836,151.443,0.639555,-1,-1,-1
103,-1,115.158,36.541,76.431,233.506,0.434001,-1,-1,-1
103,-1,541.745,109.660,36.471,156.968,0.426536,-1,-1,-1
103,-1,515.849,111.593,55.827,145.911,0.395136,-1,-1,-1
104,-1,312.656,94.315,62.513,168.703,0.792570,-1,-1,-1
104,-1,186.333,89.936,56.483,161.588,0.730717,-1,-1,-1
104,-1,563.028,101.288,59.607,168.065,0.728944,-1,-1,-1
104,-1,383.392,104.994,48.578,137.657,0.712821,-1,-1,-1
104,-1,495.496,113.223,53.061,152.601,0.629844,-1,-1,-1
104,-1,509.468,110.986,63.151,153.777,0.517660,-1,-1,-1
104,-1,534.188,112.600,40.968,123.359,0.420692,-1,-1,-1
104,-1,114.905,38.564,76.183,230.679,0.402455,-1,-1,-1
105,-1,311.715,102.035,58.245,160.121,0.784079,-1,-1,-1
105,-1,570.541,99.314,52.730,171.302,0.742111,-1,-1,-1
105,-1,184.401,93.745,58.485,158.190,0.724520,-1,-1,-1
105,-1,382.327,105.701,49.679,136.528,0.712265,-1,-1,-1
105,-1,488.143,115.253,54.657,150.880,0.586446,-1,-1,-1
105,-1,529.814,109.824,45.048,150.177,0.562783,-1,-1,-1
105,-1,114.758,37.461,76.663,232.655,0.439048,-1,-1,-1
106,-1,311.670,103.907,57.314,157.597,0.798203,-1,-1,-1
106,-1,574.296,96.408,55.200,173.447,0.768435,-1,-1,-1
106,-1,380.364,105.981,51.920,136.720,0.739570,-1,-1,-1
106,-1,184.336,90.837,57.880,161.282,0.721117,-1,-1,-1
106,-1,476.786,113.081,62.767,151.970,0.639530,-1,-1,-1
106,-1,527.850,110.723,48.289,143.320,0.624775,-1,-1,-1
106,-1,115.362,37.753,76.194,232.315,0.435429,-1,-1,-1
107,-1,312.287,97.654,54.810,163.577,0.805844,-1,-1,-1
107,-1,577.954,96.351,60.358,172.948,0.751621,-1,-1,-1
107,-1,382.730,105.222,48.957,137.428,0.748792,-1,-1,-1
107,-1,183.760,89.494,57.980,162.509,0.729720,-1,-1,-1
107,-1,469.519,115.972,67.232,149.288,0.657045,-1,-1,-1
107,-1,524.675,110.732,49.208,139.883,0.633146,-1,-1,-1
107,-1,114.509,37.302,79.449,232.867,0.461493,-1,-1,-1
108,-1,312.342,95.912,53.311,165.448,0.794387,-1,-1,-1
108,-1,581.098,96.619,57.902,172.887,0.753791,-1,-1,-1
108,-1,183.287,90.037,58.256,161.970,0.738700,-1,-1,-1
108,-1,383.579,104.834,47.741,137.793,0.738628,-1,-1,-1
108,-1,459.438,115.182,75.997,150.142,0.714055,-1,-1,-1
108,-1,520.803,109.988,51.423,142.118,0.660083,-1,-1,-1
108,-1,114.796,36.810,76.279,232.864,0.524448,-1,-1,-1
109,-1,312.727,94.389,52.091,166.957,0.768966,-1,-1,-1
109,-1,582.981,97.508,56.019,171.261,0.744079,-1,-1,-1
109,-1,183.900,90.894,57.425,160.677,0.737739,-1,-1,-1
109,-1,383.517,105.109,48.565,135.588,0.722430,-1,-1,-1
109,-1,518.766,109.920,52.551,142.563,0.700582,-1,-1,-1
109,-1,457.439,115.144,79.513,150.800,0.695768,-1,-1,-1
109,-1,115.644,40.738,74.881,228.248,0.478547,-1,-1,-1
110,-1,311.193,93.916,53.296,168.077,0.778944,-1,-1,-1
110,-1,584.719,99.873,54.281,167.605,0.755601,-1,-1,-1
110,-1,183.691,89.875,58.231,161.332,0.747962,-1,-1,-1
110,-1,382.070,105.546,50.619,138.234,0.744203,-1,-1,-1
110,-1,452.956,116.489,85.908,149.118,0.699179,-1,-1,-1
110,-1,517.263,109.911,52.710,141.077,0.664014,-1,-1,-1
110,-1,115.071,37.157,75.320,231.430,0.388735,-1,-1,-1
111,-1,587.654,100.656,51.346,166.536,0.767701,-1,-1,-1
111,-1,307.588,95.933,55.968,167.235,0.763908,-1,-1,-1
111,-1,183.654,89.412,58.638,160.777,0.753902,-1,-1,-1
111,-1,381.552,105.174,52.319,138.086,0.744192,-1,-1,-1
111,-1,452.166,129.646,83.262,136.111,0.676789,-1,-1,-1
111,-1,514.770,109.992,55.260,139.832,0.627926,-1,-1,-1
111,-1,113.981,41.063,76.785,230.172,0.429463,-1,-1,-1
112,-1,306.353,96.970,55.982,167.020,0.801279,-1,-1,-1
112,-1,590.925,100.266,48.075,167.069,0.795259,-1,-1,-1
112,-1,383.138,105.879,51.974,137.236,0.757067,-1,-1,-1
112,-1,183.487,88.292,59.026,162.162,0.755556,-1,-1,-1
112,-1,453.571,114.553,79.308,150.993,0.709275,-1,-1,-1
112,-1,513.294,109.795,54.174,140.600,0.612279,-1,-1,-1
112,-1,115.296,42.038,75.378,228.766,0.449267,-1,-1,-1
113,-1,305.654,97.845,55.733,165.838,0.812398,-1,-1,-1
113,-1,593.370,99.131,45.630,167.777,0.787586,-1,-1,-1
113,-1,382.550,105.835,52.977,137.016,0.776180,-1,-1,-1
113,-1,183.627,88.792,58.743,161.864,0.765061,-1,-1,-1
113,-1,452.979,114.090,81.480,150.750,0.750067,-1,-1,-1
113,-1,511.413,109.970,56.280,139.246,0.595537,-1,-1,-1
113,-1,115.114,41.552,75.631,229.423,0.472020,-1,-1,-1
113,-1,479.828,111.661,81.397,150.935,0.448096,-1,-1,-1
114,-1,304.253,97.911,56.399,165.410,0.800561,-1,-1,-1
114,-1,384.465,107.829,51.753,136.301,0.764109,-1,-1,-1
114,-1,596.584,98.829,42.416,168.441,0.761868,-1,-1,-1
114,-1,184.486,90.995,58.057,159.569,0.759579,-1,-1,-1
114,-1,453.698,113.660,74.122,151.062,0.730457,-1,-1,-1
114,-1,506.083,110.356,62.736,149.588,0.652802,-1,-1,-1
114,-1,115.905,38.671,74.869,230.235,0.428727,-1,-1,-1
114,-1,564.294,144.843,38.548,63.623,0.381708,-1,-1,-1
115,-1,303.744,98.319,55.746,164.649,0.821949,-1,-1,-1
115,-1,384.208,108.950,55.520,136.301,0.784366,-1,-1,-1
115,-1,452.456,115.272,74.150,149.500,0.765260,-1,-1,-1
115,-1,184.818,90.298,58.753,160.814,0.761197,-1,-1,-1
115,-1,598.582,98.219,40.418,169.967,0.739506,-1,-1,-1
115,-1,506.256,111.458,60.705,142.887,0.666702,-1,-1,-1
115,-1,120.816,44.895,68.635,215.805,0.481768,-1,-1,-1
115,-1,564.977,144.709,38.041,63.117,0.352754,-1,-1,-1
116,-1,303.238,98.378,55.094,164.049,0.826398,-1,-1,-1
116,-1,447.467,114.168,73.834,150.178,0.783140,-1,-1,-1
116,-1,384.272,109.244,58.734,137.494,0.781283,-1,-1,-1
116,-1,185.616,88.709,58.817,162.087,0.759716,-1,-1,-1
116,-1,599.142,98.430,39.858,167.989,0.730731,-1,-1,-1
116,-1,504.466,112.456,60.029,141.659,0.689265,-1,-1,-1
116,-1,115.057,42.337,76.543,229.536,0.499951,-1,-1,-1
117,-1,302.614,97.264,52.899,164.056,0.824573,-1,-1,-1
117,-1,386.821,108.571,56.833,137.302,0.770466,-1,-1,-1
117,-1,187.063,90.007,57.904,160.148,0.768166,-1,-1,-1
117,-1,447.735,113.897,66.342,149.833,0.732125,-1,-1,-1
117,-1,599.831,98.432,39.169,167.979,0.728219,-1,-1,-1
117,-1,502.760,114.150,56.888,139.608,0.690260,-1,-1,-1
117,-1,115.787,36.989,75.174,232.711,0.490328,-1,-1,-1
118,-1,302.681,96.139,52.468,164.627,0.817879,-1,-1,-1
118,-1,187.813,91.328,56.302,159.605,0.778141,-1,-1,-1
118,-1,388.549,108.693,55.368,137.060,0.755770,-1,-1,-1
118,-1,501.606,113.305,55.465,138.966,0.723039,-1,-1,-1
118,-1,442.807,113.831,58.992,149.960,0.697648,-1,-1,-1
118,-1,601.486,96.177,37.514,169.347,0.690062,-1,-1,-1
118,-1,116.485,38.473,74.491,230.646,0.419335,-1,-1,-1
119,-1,302.396,97.045,51.885,163.685,0.798347,-1,-1,-1
119,-1,188.210,93.427,56.094,157.037,0.772555,-1,-1,-1
119,-1,501.306,111.035,52.645,140.692,0.751665,-1,-1,-1
119,-1,387.774,108.356,57.129,137.224,0.741569,-1,-1,-1
119,-1,443.202,112.432,49.371,151.117,0.716140,-1,-1,-1
119,-1,605.499,93.837,33.501,170.292,0.662992,-1,-1,-1
119,-1,115.352,36.626,75.840,232.336,0.435836,-1,-1,-1
119,-1,403.246,109.668,74.992,146.410,0.352926,-1,-1,-1
120,-1,301.737,96.108,51.934,164.661,0.787484,-1,-1,-1
120,-1,187.815,92.243,57.468,158.906,0.767679,-1,-1,-1
120,-1,500.864,109.898,51.591,141.790,0.758794,-1,-1,-1
120,-1,438.827,110.542,48.858,152.590,0.735270,-1,-1,-1
120,-1,389.365,109.686,54.419,140.809,0.718898,-1,-1,-1
120,-1,606.614,93.961,32.386,170.478,0.651551,-1,-1,-1
120,-1,115.317,40.993,74.652,230.574,0.439556,-1,-1,-1
121,-1,188.316,95.134,58.220,155.793,0.768146,-1,-1,-1
121,-1,301.084,96.220,52.252,162.952,0.766521,-1,-1,-1
121,-1,500.708,108.872,49.756,141.772,0.736150,-1,-1,-1
121,-1,437.749,110.982,46.226,153.060,0.720551,-1,-1,-1
121,-1,389.737,109.701,52.380,139.950,0.686738,-1,-1,-1
121,-1,609.370,95.841,29.630,169.155,0.595542,-1,-1,-1
121,-1,120.678,49.515,66.957,210.599,0.486604,-1,-1,-1
122,-1,299.690,93.421,53.723,163.670,0.762374,-1,-1,-1
122,-1,188.977,96.342,58.204,154.659,0.761539,-1,-1,-1
122,-1,500.009,107.560,49.707,143.314,0.714159,-1,-1,-1
122,-1,435.450,111.677,44.753,152.404,0.709652,-1,-1,-1
122,-1,394.010,109.942,47.045,137.696,0.683220,-1,-1,-1
122,-1,610.418,97.740,28.582,167.502,0.487168,-1,-1,-1
122,-1,114.373,40.453,78.372,229.327,0.453838,-1,-1,-1
122,-1,617.328,138.925,21.672,127.696,0.360738,-1,-1,-1
123,-1,190.650,95.812,57.381,155.273,0.763066,-1,-1,-1
123,-1,298.093,93.311,54.950,163.866,0.756871,-1,-1,-1
123,-1,432.015,112.963,47.685,151.755,0.744026,-1,-1,-1
123,-1,497.803,107.596,51.032,142.542,0.725463,-1,-1,-1
123,-1,395.814,110.014,46.147,138.174,0.650879,-1,-1,-1
123,-1,119.178,41.236,70.565,218.578,0.482873,-1,-1,-1
123,-1,618.273,130.076,20.727,128.158,0.478917,-1,-1,-1
124,-1,425.410,112.251,53.611,152.192,0.771628,-1,-1,-1
124,-1,191.682,94.508,57.681,156.477,0.764347,-1,-1,-1
124,-1,297.724,92.664,54.218,165.438,0.748590,-1,-1,-1
124,-1,495.796,107.653,51.934,141.417,0.712821,-1,-1,-1
124,-1,395.961,110.547,46.049,140.509,0.657206,-1,-1,-1
124,-1,114.819,39.956,75.851,229.819,0.512872,-1,-1,-1
124,-1,619.576,121.326,19.424,127.681,0.498380,-1,-1,-1
124,-1,611.046,114.731,27.954,150.173,0.362117,-1,-1,-1
125,-1,418.720,113.042,59.015,150.594,0.766762,-1,-1,-1
125,-1,192.392,93.422,57.415,157.654,0.760525,-1,-1,-1
125,-1,296.900,92.145,54.833,165.942,0.752615,-1,-1,-1
125,-1,493.517,108.047,52.941,142.593,0.693499,-1,-1,-1
125,-1,399.724,110.762,39.704,136.756,0.594823,-1,-1,-1
125,-1,115.433,41.931,74.321,226.505,0.424107,-1,-1,-1
125,-1,622.588,139.907,16.412,126.402,0.416808,-1,-1,-1
126,-1,411.674,111.915,66.510,151.937,0.777379,-1,-1,-1
126,-1,192.083,91.098,58.230,158.932,0.758638,-1,-1,-1
126,-1,295.623,91.759,55.377,166.164,0.749583,-1,-1,-1
126,-1,487.670,107.959,58.096,142.436,0.694934,-1,-1,-1
126,-1,402.641,111.101,38.861,147.166,0.569107,-1,-1,-1
126,-1,115.361,37.511,75.292,230.385,0.419844,-1,-1,-1
127,-1,409.037,111.138,68.291,152.212,0.777056,-1,-1,-1
127,-1,192.558,91.501,57.833,157.441,0.759050,-1,-1,-1
127,-1,294.087,91.974,55.910,165.316,0.742906,-1,-1,-1
127,-1,481.890,109.156,63.479,144.214,0.668356,-1,-1,-1
127,-1,401.818,110.618,45.711,151.352,0.540162,-1,-1,-1
127,-1,113.351,39.115,77.900,230.473,0.489356,-1,-1,-1
127,-1,395.433,113.515,39.078,119.850,0.358266,-1,-1,-1
128,-1,402.906,109.844,74.811,153.231,0.789289,-1,-1,-1
128,-1,193.125,92.154,57.344,155.867,0.754057,-1,-1,-1
128,-1,291.595,92.083,57.021,164.837,0.750268,-1,-1,-1
128,-1,478.096,109.893,70.025,143.659,0.706905,-1,-1,-1
128,-1,115.428,38.510,76.232,231.480,0.436220,-1,-1,-1
129,-1,401.528,110.151,73.626,153.066,0.762959,-1,-1,-1
129,-1,192.839,92.097,57.489,155.957,0.755764,-1,-1,-1
129,-1,286.983,92.489,60.821,164.417,0.749866,-1,-1,-1
129,-1,476.967,111.912,68.834,141.475,0.698385,-1,-1,-1
129,-1,116.171,40.407,74.318,229.551,0.470028,-1,-1,-1
130,-1,401.122,110.442,69.201,153.398,0.792498,-1,-1,-1
130,-1,192.905,93.205,56.590,154.154,0.749638,-1,-1,-1
130,-1,282.539,92.385,66.270,164.386,0.749238,-1,-1,-1
130,-1,476.808,112.988,63.228,140.450,0.707674,-1,-1,-1
130,-1,114.430,39.936,76.082,230.794,0.497274,-1,-1,-1
131,-1,401.336,110.930,65.645,152.260,0.799477,-1,-1,-1
131,-1,278.270,93.130,70.606,163.463,0.772615,-1,-1,-1
131,-1,193.391,94.164,56.414,153.543,0.751954,-1,-1,-1
131,-1,476.722,112.627,60.943,141.117,0.687056,-1,-1,-1
131,-1,114.250,40.865,75.337,228.675,0.455487,-1,-1,-1
131,-1,0.004,63.008,36.225,241.865,0.380588,-1,-1,-1
132,-1,277.986,93.867,68.912,162.615,0.777002,-1,-1,-1
132,-1,401.770,111.035,58.598,151.247,0.773404,-1,-1,-1
132,-1,192.430,95.420,57.050,151.687,0.753559,-1,-1,-1
132,-1,473.293,112.860,61.834,141.271,0.684723,-1,-1,-1
132,-1,115.174,38.628,76.120,231.556,0.431640,-1,-1,-1
132,-1,0.056,63.238,41.071,240.461,0.414163,-1,-1,-1
133,-1,273.974,93.536,72.178,162.760,0.800570,-1,-1,-1
133,-1,401.552,111.086,53.398,151.186,0.782396,-1,-1,-1
133,-1,192.244,95.859,56.232,151.369,0.762941,-1,-1,-1
133,-1,470.700,112.521,62.584,141.075,0.679961,-1,-1,-1
133,-1,114.779,39.621,76.291,230.651,0.510141,-1,-1,-1
133,-1,0.118,97.626,42.583,198.553,0.393764,-1,-1,-1
134,-1,272.904,94.112,69.483,162.366,0.825183,-1,-1,-1
134,-1,400.681,110.676,51.818,150.952,0.766088,-1,-1,-1
134,-1,193.107,95.152,54.719,151.877,0.759565,-1,-1,-1
134,-1,468.722,111.306,63.156,142.154,0.679285,-1,-1,-1
134,-1,114.306,40.298,76.544,229.503,0.482104,-1,-1,-1
134,-1,0.774,143.307,47.179,149.518,0.469653,-1,-1,-1
135,-1,272.111,94.386,70.227,161.899,0.820747,-1,-1,-1
135,-1,192.559,94.365,54.541,152.832,0.763347,-1,-1,-1
135,-1,396.812,110.560,52.450,151.444,0.731378,-1,-1,-1
135,-1,467.351,110.158,60.712,144.042,0.681359,-1,-1,-1
135,-1,0.035,118.837,50.517,176.041,0.641577,-1,-1,-1
135,-1,115.160,39.702,75.892,230.168,0.473168,-1,-1,-1
136,-1,272.202,94.593,67.011,161.857,0.814125,-1,-1,-1
136,-1,191.947,93.129,54.703,153.956,0.770731,-1,-1,-1
136,-1,394.929,109.423,53.574,152.124,0.755521,-1,-1,-1
136,-1,466.853,110.110,59.189,144.433,0.677813,-1,-1,-1
136,-1,0.013,115.206,52.839,178.417,0.666119,-1,-1,-1
136,-1,115.005,38.852,76.572,230.615,0.511424,-1,-1,-1
137,-1,272.451,93.857,65.534,162.250,0.822306,-1,-1,-1
137,-1,191.345,89.337,55.005,157.835,0.782344,-1,-1,-1
137,-1,393.487,108.882,55.198,151.295,0.748641,-1,-1,-1
137,-1,0.056,112.884,53.359,182.294,0.670811,-1,-1,-1
137,-1,467.249,110.324,53.236,143.627,0.661593,-1,-1,-1
137,-1,114.772,41.661,76.407,227.389,0.492208,-1,-1,-1
138,-1,272.071,93.986,64.030,161.789,0.806239,-1,-1,-1
138,-1,191.252,90.809,53.881,156.454,0.782249,-1,-1,-1
138,-1,390.633,108.646,56.430,151.436,0.748606,-1,-1,-1
138,-1,0.222,111.312,53.869,181.038,0.704790,-1,-1,-1
138,-1,465.368,110.366,53.883,144.301,0.671300,-1,-1,-1
138,-1,115.975,40.132,75.967,229.489,0.507710,-1,-1,-1
139,-1,271.614,94.830,62.717,160.096,0.804928,-1,-1,-1
139,-1,190.355,88.620,54.119,158.550,0.794120,-1,-1,-1
139,-1,383.382,109.076,65.141,150.551,0.756638,-1,-1,-1
139,-1,0.864,111.963,54.330,179.616,0.707496,-1,-1,-1
139,-1,461.116,110.605,55.853,142.782,0.603652,-1,-1,-1
139,-1,118.163,42.324,73.407,226.479,0.457833,-1,-1,-1
140,-1,270.701,93.180,63.636,161.644,0.805419,-1,-1,-1
140,-1,189.427,88.251,54.392,159.067,0.800680,-1,-1,-1
140,-1,373.654,109.094,75.992,151.236,0.736797,-1,-1,-1
140,-1,1.271,109.005,50.417,182.776,0.653599,-1,-1,-1
140,-1,462.376,111.239,48.899,141.407,0.540200,-1,-1,-1
140,-1,115.528,42.153,74.983,226.691,0.479162,-1,-1,-1
141,-1,189.047,88.872,53.941,157.999,0.802990,-1,-1,-1
141,-1,269.935,93.114,63.083,161.482,0.792920,-1,-1,-1
141,-1,370.384,108.931,79.238,150.791,0.728858,-1,-1,-1
141,-1,3.410,104.101,47.118,188.348,0.624772,-1,-1,-1
141,-1,463.106,111.650,48.734,139.324,0.492930,-1,-1,-1
141,-1,114.040,41.846,77.260,227.739,0.465391,-1,-1,-1
142,-1,188.129,89.057,54.123,158.118,0.806031,-1,-1,-1
142,-1,270.155,93.707,61.889,160.896,0.787106,-1,-1,-1
142,-1,364.514,109.818,83.132,149.755,0.725689,-1,-1,-1
142,-1,457.999,111.599,53.851,143.549,0.595310,-1,-1,-1
142,-1,9.531,106.074,46.195,184.359,0.555335,-1,-1,-1
142,-1,115.002,42.391,75.051,226.470,0.470693,-1,-1,-1
143,-1,188.103,88.062,53.455,158.836,0.809167,-1,-1,-1
143,-1,267.688,92.285,61.476,162.380,0.779693,-1,-1,-1
143,-1,362.346,111.111,83.481,148.127,0.708984,-1,-1,-1
143,-1,458.861,113.064,52.489,140.389,0.631375,-1,-1,-1
143,-1,14.034,111.734,46.924,179.291,0.627049,-1,-1,-1
143,-1,114.152,43.769,76.325,226.972,0.501246,-1,-1,-1
144,-1,187.391,88.499,53.477,158.675,0.803243,-1,-1,-1
144,-1,266.775,92.626,60.187,161.716,0.766770,-1,-1,-1
144,-1,361.835,111.370,85.111,147.540,0.693259,-1,-1,-1
144,-1,457.928,113.854,51.573,139.785,0.678016,-1,-1,-1
144,-1,17.884,113.715,47.526,173.342,0.652327,-1,-1,-1
144,-1,391.856,112.379,59.455,143.550,0.544079,-1,-1,-1
144,-1,114.671,42.162,74.547,229.122,0.447451,-1,-1,-1
144,-1,348.643,119.298,38.618,88.651,0.368377,-1,-1,-1
144,-1,1.666,114.568,41.870,174.289,0.356134,-1,-1,-1
145,-1,187.478,88.493,52.631,158.719,0.798158,-1,-1,-1
145,-1,265.874,92.005,59.767,161.603,0.769025,-1,-1,-1
145,-1,21.254,114.881,62.040,171.560,0.671581,-1,-1,-1
145,-1,457.383,114.836,51.799,140.481,0.667609,-1,-1,-1
145,-1,405.770,112.270,45.116,145.573,0.634548,-1,-1,-1
145,-1,361.271,118.095,70.277,139.485,0.598421,-1,-1,-1
145,-1,2.893,111.757,37.672,176.565,0.405918,-1,-1,-1
145,-1,348.727,119.750,36.384,88.411,0.371049,-1,-1,-1
145,-1,118.849,40.432,73.181,227.335,0.366712,-1,-1,-1
146,-1,187.109,89.767,52.499,157.748,0.793244,-1,-1,-1
146,-1,264.439,92.161,59.250,161.068,0.770222,-1,-1,-1
146,-1,24.257,115.812,70.956,170.364,0.758427,-1,-1,-1
146,-1,360.784,114.556,60.038,143.559,0.667202,-1,-1,-1
146,-1,409.701,113.803,40.767,144.044,0.640003,-1,-1,-1
146,-1,457.751,114.668,50.381,141.252,0.636683,-1,-1,-1
146,-1,116.760,43.886,73.500,228.220,0.433418,-1,-1,-1
146,-1,0.000,114.159,34.475,173.234,0.362944,-1,-1,-1
147,-1,185.914,88.198,53.284,159.499,0.795606,-1,-1,-1
147,-1,262.892,91.648,58.709,161.547,0.774240,-1,-1,-1
147,-1,24.075,115.154,74.375,171.320,0.762661,-1,-1,-1
147,-1,360.643,114.352,59.003,144.253,0.674600,-1,-1,-1
147,-1,408.600,113.373,44.899,143.650,0.650037,-1,-1,-1
147,-1,456.316,114.809,50.819,142.023,0.645765,-1,-1,-1
147,-1,115.047,42.046,75.485,229.671,0.414322,-1,-1,-1
148,-1,185.928,89.533,53.039,157.792,0.794210,-1,-1,-1
148,-1,261.522,92.007,58.842,161.454,0.782490,-1,-1,-1
148,-1,23.149,115.423,83.853,173.258,0.752836,-1,-1,-1
148,-1,359.983,113.435,60.153,145.219,0.694588,-1,-1,-1
148,-1,407.184,113.261,47.867,144.619,0.679055,-1,-1,-1
148,-1,455.786,114.814,50.810,143.019,0.669461,-1,-1,-1
148,-1,110.567,41.309,80.472,231.378,0.418577,-1,-1,-1
149,-1,185.621,88.597,53.152,158.680,0.793224,-1,-1,-1
149,-1,261.867,92.545,56.545,161.090,0.777437,-1,-1,-1
149,-1,23.129,114.915,86.329,174.057,0.752790,-1,-1,-1
149,-1,361.090,113.342,53.813,144.870,0.724547,-1,-1,-1
149,-1,451.214,113.655,54.248,143.713,0.712730,-1,-1,-1
149,-1,407.498,113.477,46.869,143.557,0.702781,-1,-1,-1
149,-1,111.744,37.848,78.073,232.921,0.431794,-1,-1,-1
150,-1,185.622,88.006,53.319,159.107,0.787556,-1,-1,-1
150,-1,261.837,92.543,54.627,160.258,0.786048,-1,-1,-1
150,-1,24.979,114.767,85.739,173.081,0.754078,-1,-1,-1
150,-1,360.687,113.751,52.495,142.400,0.714888,-1,-1,-1
150,-1,410.004,113.039,45.479,143.005,0.703986,-1,-1,-1
150,-1,453.532,112.254,50.049,144.151,0.695061,-1,-1,-1
150,-1,114.512,42.228,75.730,230.186,0.465502,-1,-1,-1
151,-1,184.730,87.883,53.617,159.461,0.791864,-1,-1,-1
151,-1,261.410,92.022,52.455,161.030,0.784594,-1,-1,-1
151,-1,26.524,114.634,83.631,171.412,0.747052,-1,-1,-1
151,-1,452.712,112.629,50.145,145.184,0.705643,-1,-1,-1
151,-1,408.076,112.584,49.228,144.489,0.698331,-1,-1,-1
151,-1,358.211,115.541,51.405,140.094,0.653621,-1,-1,-1
151,-1,109.369,41.164,80.271,230.183,0.451641,-1,-1,-1
152,-1,261.489,92.306,51.736,160.324,0.783937,-1,-1,-1
152,-1,184.885,87.565,53.619,159.849,0.783895,-1,-1,-1
152,-1,29.613,114.817,78.580,171.255,0.724167,-1,-1,-1
152,-1,408.109,113.657,49.109,141.831,0.711240,-1,-1,-1
152,-1,451.324,111.911,50.245,143.750,0.691429,-1,-1,-1
152,-1,356.368,114.009,49.785,141.941,0.672101,-1,-1,-1
152,-1,105.063,42.654,85.724,235.121,0.430146,-1,-1,-1
153,-1,184.987,87.882,53.556,159.531,0.789234,-1,-1,-1
153,-1,260.170,92.239,52.648,160.792,0.787699,-1,-1,-1
153,-1,351.725,111.142,53.184,146.403,0.763659,-1,-1,-1
153,-1,409.548,112.704,46.039,141.624,0.737173,-1,-1,-1
153,-1,40.230,114.022,69.108,171.716,0.714063,-1,-1,-1
153,-1,450.993,111.163,47.851,144.133,0.695724,-1,-1,-1
153,-1,105.816,46.328,83.465,232.882,0.625076,-1,-1,-1
154,-1,184.659,89.256,53.706,157.975,0.787745,-1,-1,-1
154,-1,259.524,92.272,53.232,160.227,0.777030,-1,-1,-1
154,-1,47.945,112.567,64.939,171.391,0.746651,-1,-1,-1
154,-1,350.822,110.930,50.118,145.459,0.711803,-1,-1,-1
154,-1,408.949,112.090,46.283,139.575,0.707581,-1,-1,-1
154,-1,450.035,110.948,49.947,145.473,0.707122,-1,-1,-1
154,-1,106.384,41.368,85.718,233.575,0.508002,-1,-1,-1
155,-1,258.923,93.226,54.070,159.274,0.784756,-1,-1,-1
155,-1,184.974,89.297,53.405,157.320,0.779475,-1,-1,-1
155,-1,349.588,111.674,48.427,144.051,0.725148,-1,-1,-1
155,-1,62.201,111.583,53.354,172.124,0.715239,-1,-1,-1
155,-1,448.485,111.033,49.556,145.236,0.705869,-1,-1,-1
155,-1,406.993,111.998,47.484,139.527,0.697001,-1,-1,-1
155,-1,108.855,41.889,81.246,235.391,0.581664,-1,-1,-1
156,-1,259.027,93.344,53.865,158.806,0.783285,-1,-1,-1
156,-1,185.422,88.656,52.900,158.203,0.775668,-1,-1,-1
156,-1,68.307,111.428,53.821,172.806,0.752103,-1,-1,-1
156,-1,348.584,112.308,50.041,143.980,0.737579,-1,-1,-1
156,-1,449.418,110.923,49.955,146.911,0.723686,-1,-1,-1
156,-1,406.602,111.680,48.015,140.403,0.715906,-1,-1,-1
156,-1,113.015,42.732,77.656,233.621,0.593079,-1,-1,-1
157,-1,258.898,94.124,53.429,157.809,0.785598,-1,-1,-1
157,-1,184.914,89.318,53.592,157.853,0.770775,-1,-1,-1
157,-1,347.315,112.934,47.654,142.656,0.729006,-1,-1,-1
157,-1,406.337,111.536,48.087,144.434,0.720734,-1,-1,-1
157,-1,75.839,111.050,48.851,173.144,0.717629,-1,-1,-1
157,-1,448.869,111.092,50.100,147.612,0.707780,-1,-1,-1
157,-1,113.391,38.866,75.926,234.877,0.496144,-1,-1,-1
158,-1,186.197,88.561,52.440,158.271,0.776055,-1,-1,-1
158,-1,257.985,93.730,53.693,157.614,0.759912,-1,-1,-1
158,-1,80.456,112.835,48.336,170.369,0.719322,-1,-1,-1
158,-1,448.830,112.637,50.326,146.155,0.713447,-1,-1,-1
158,-1,346.605,113.195,46.795,142.119,0.711834,-1,-1,-1
158,-1,405.278,111.967,48.941,142.593,0.698936,-1,-1,-1
158,-1,115.246,38.749,75.312,235.458,0.598808,-1,-1,-1
158,-1,0.000,66.546,33.966,237.435,0.360486,-1,-1,-1
159,-1,258.133,93.966,51.967,157.855,0.786507,-1,-1,-1
159,-1,185.707,89.509,53.068,158.135,0.771421,-1,-1,-1
159,-1,82.034,112.373,53.479,169.928,0.735624,-1,-1,-1
159,-1,344.593,114.309,46.655,140.968,0.715194,-1,-1,-1
159,-1,445.385,113.817,52.023,145.552,0.696914,-1,-1,-1
159,-1,404.756,112.883,47.833,142.515,0.670126,-1,-1,-1
159,-1,119.626,35.069,68.689,239.072,0.572526,-1,-1,-1
160,-1,258.838,93.456,50.221,158.701,0.793832,-1,-1,-1
160,-1,186.175,88.910,52.575,158.767,0.776947,-1,-1,-1
160,-1,342.671,114.522,47.426,141.042,0.732468,-1,-1,-1
160,-1,403.926,113.404,46.404,143.480,0.712331,-1,-1,-1
160,-1,443.795,113.547,52.430,146.235,0.699912,-1,-1,-1
160,-1,86.947,113.474,55.056,169.118,0.699741,-1,-1,-1
160,-1,121.239,38.581,67.691,236.488,0.528326,-1,-1,-1
161,-1,258.342,92.809,50.266,159.534,0.792390,-1,-1,-1
161,-1,186.269,88.858,52.713,158.590,0.780123,-1,-1,-1
161,-1,443.453,113.974,51.713,145.884,0.717963,-1,-1,-1
161,-1,339.969,115.079,48.177,140.362,0.710989,-1,-1,-1
161,-1,401.852,114.643,46.574,142.794,0.687598,-1,-1,-1
161,-1,90.032,113.797,70.028,167.674,0.664980,-1,-1,-1
161,-1,118.916,40.211,70.047,231.821,0.499650,-1,-1,-1
162,-1,258.584,92.637,50.427,159.520,0.784609,-1,-1,-1
162,-1,185.451,88.134,53.790,159.166,0.777816,-1,-1,-1
162,-1,93.409,114.479,74.865,168.017,0.705321,-1,-1,-1
162,-1,340.379,115.880,46.729,139.660,0.698643,-1,-1,-1
162,-1,441.877,114.080,51.511,145.489,0.697689,-1,-1,-1
162,-1,398.034,115.282,49.036,142.818,0.682932,-1,-1,-1
163,-1,258.658,92.724,50.153,158.550,0.782525,-1,-1,-1
163,-1,185.844,88.576,53.512,158.750,0.774364,-1,-1,-1
163,-1,93.180,117.097,86.563,165.110,0.711468,-1,-1,-1
163,-1,339.443,116.397,46.723,138.648,0.698164,-1,-1,-1
163,-1,439.439,112.862,50.739,146.428,0.682799,-1,-1,-1
163,-1,396.016,113.835,50.631,144.535,0.656615,-1,-1,-1
163,-1,415.045,112.909,46.944,146.533,0.478608,-1,-1,-1
164,-1,186.320,88.687,53.212,158.306,0.787295,-1,-1,-1
164,-1,258.650,92.089,50.410,159.123,0.776342,-1,-1,-1
164,-1,93.914,116.953,87.580,165.671,0.716241,-1,-1,-1
164,-1,437.855,111.059,52.981,147.653,0.698225,-1,-1,-1
164,-1,336.811,116.123,48.828,138.413,0.691183,-1,-1,-1
164,-1,395.395,113.835,48.758,145.599,0.652420,-1,-1,-1
165,-1,186.201,87.329,53.652,159.570,0.788430,-1,-1,-1
165,-1,258.191,90.710,51.102,159.388,0.764204,-1,-1,-1
165,-1,89.850,115.331,94.469,167.119,0.722508,-1,-1,-1
165,-1,335.175,115.452,50.008,138.692,0.698541,-1,-1,-1
165,-1,436.552,108.714,53.163,149.754,0.685379,-1,-1,-1
165,-1,391.475,113.020,52.385,146.916,0.661798,-1,-1,-1
166,-1,186.731,87.904,53.072,158.797,0.791213,-1,-1,-1
166,-1,257.934,88.294,51.528,161.720,0.771561,-1,-1,-1
166,-1,91.172,114.109,91.457,168.474,0.747144,-1,-1,-1
166,-1,334.023,115.086,49.078,138.512,0.736955,-1,-1,-1
166,-1,390.996,112.294,48.782,146.879,0.686607,-1,-1,-1
166,-1,433.460,106.035,54.707,150.799,0.680669,-1,-1,-1
167,-1,186.424,87.553,53.441,158.768,0.788173,-1,-1,-1
167,-1,258.810,90.791,51.028,158.572,0.770984,-1,-1,-1
167,-1,93.024,112.597,90.579,169.306,0.762990,-1,-1,-1
167,-1,332.722,114.131,47.913,139.420,0.729844,-1,-1,-1
167,-1,388.345,110.522,50.037,148.439,0.703983,-1,-1,-1
167,-1,431.379,106.483,54.185,151.241,0.675341,-1,-1,-1
168,-1,186.296,87.253,53.294,159.254,0.796974,-1,-1,-1
168,-1,258.425,90.231,51.265,159.440,0.778506,-1,-1,-1
168,-1,98.103,111.253,86.298,170.620,0.761638,-1,-1,-1
168,-1,331.213,111.399,48.725,141.525,0.758972,-1,-1,-1
168,-1,386.631,110.589,50.699,149.277,0.737041,-1,-1,-1
168,-1,428.356,107.637,58.081,152.477,0.685654,-1,-1,-1
169,-1,187.555,88.116,51.753,158.307,0.790436,-1,-1,-1
169,-1,257.603,90.070,50.926,159.174,0.786203,-1,-1,-1
169,-1,327.856,110.449,51.287,141.651,0.769720,-1,-1,-1
169,-1,386.527,110.552,49.627,148.884,0.722441,-1,-1,-1
169,-1,103.524,109.443,80.929,171.228,0.709937,-1,-1,-1
169,-1,429.761,106.304,54.406,152.985,0.678457,-1,-1,-1
170,-1,257.350,87.611,49.825,161.065,0.791101,-1,-1,-1
170,-1,187.900,86.005,51.412,161.212,0.787860,-1,-1,-1
170,-1,327.945,111.294,49.886,138.683,0.747941,-1,-1,-1
170,-1,384.462,111.506,50.533,145.359,0.746248,-1,-1,-1
170,-1,113.336,105.086,70.166,173.539,0.712210,-1,-1,-1
170,-1,428.157,108.458,56.046,152.469,0.681660,-1,-1,-1
171,-1,256.378,88.297,50.474,160.346,0.795330,-1,-1,-1
171,-1,187.294,86.302,52.255,160.797,0.780889,-1,-1,-1
171,-1,327.315,110.149,49.925,140.740,0.755556,-1,-1,-1
171,-1,381.558,110.263,49.429,150.745,0.745604,-1,-1,-1
171,-1,122.021,106.677,63.402,173.054,0.741717,-1,-1,-1
171,-1,425.658,109.083,58.469,154.163,0.725643,-1,-1,-1
172,-1,255.120,88.229,51.833,161.123,0.791676,-1,-1,-1
172,-1,186.927,87.441,52.606,159.829,0.771763,-1,-1,-1
172,-1,130.207,106.600,58.689,171.198,0.769911,-1,-1,-1
172,-1,379.014,111.743,51.117,144.410,0.766521,-1,-1,-1
172,-1,326.784,109.396,49.724,141.358,0.746597,-1,-1,-1
172,-1,425.269,109.680,56.971,153.804,0.725068,-1,-1,-1
173,-1,255.326,88.646,50.125,161.027,0.791580,-1,-1,-1
173,-1,186.373,86.433,53.280,160.700,0.777977,-1,-1,-1
173,-1,379.972,111.864,48.107,143.906,0.751034,-1,-1,-1
173,-1,326.303,108.956,49.542,140.503,0.737277,-1,-1,-1
173,-1,423.729,110.731,57.690,153.204,0.714000,-1,-1,-1
173,-1,137.031,105.826,53.164,171.579,0.702054,-1,-1,-1
174,-1,254.950,88.390,48.712,161.909,0.785905,-1,-1,-1
174,-1,380.852,112.222,46.469,146.153,0.780545,-1,-1,-1
174,-1,185.703,87.284,53.708,160.259,0.764813,-1,-1,-1
174,-1,424.677,112.091,53.413,152.143,0.742314,-1,-1,-1
174,-1,325.331,108.692,48.689,141.582,0.728968,-1,-1,-1
174,-1,140.217,101.078,53.139,176.652,0.584377,-1,-1,-1
174,-1,117.774,43.381,78.758,232.369,0.455965,-1,-1,-1
175,-1,381.835,113.396,43.633,146.335,0.785602,-1,-1,-1
175,-1,189.326,88.074,49.458,159.194,0.778932,-1,-1,-1
175,-1,255.305,88.431,47.943,161.327,0.777690,-1,-1,-1
175,-1,425.688,112.738,51.720,152.068,0.750462,-1,-1,-1
175,-1,323.456,108.751,49.715,140.132,0.738705,-1,-1,-1
175,-1,145.987,110.224,49.938,166.428,0.673171,-1,-1,-1
175,-1,121.658,41.570,70.945,233.988,0.379769,-1,-1,-1
176,-1,255.490,86.182,47.832,163.438,0.780770,-1,-1,-1
176,-1,379.767,113.924,45.087,145.870,0.779802,-1,-1,-1
176,-1,424.979,112.285,50.018,152.321,0.760363,-1,-1,-1
176,-1,190.776,88.441,47.504,159.011,0.747467,-1,-1,-1
176,-1,320.432,108.437,52.307,140.347,0.746693,-1,-1,-1
176,-1,147.006,113.330,53.162,163.712,0.718590,-1,-1,-1
177,-1,379.269,113.731,44.118,146.668,0.778751,-1,-1,-1
177,-1,423.976,110.673,50.644,153.230,0.770713,-1,-1,-1
177,-1,255.497,86.766,47.277,162.488,0.768064,-1,-1,-1
177,-1,192.657,88.274,45.736,158.924,0.748948,-1,-1,-1
177,-1,317.575,109.224,53.034,138.916,0.724868,-1,-1,-1
177,-1,147.882,113.303,59.066,162.018,0.676634,-1,-1,-1
177,-1,188.106,98.743,40.477,172.801,0.478083,-1,-1,-1
178,-1,255.583,86.596,47.147,161.862,0.757105,-1,-1,-1
178,-1,421.837,109.399,53.085,153.654,0.755874,-1,-1,-1
178,-1,377.037,113.146,46.316,148.535,0.748056,-1,-1,-1
178,-1,313.632,110.108,56.054,137.207,0.718531,-1,-1,-1
178,-1,196.198,90.176,42.315,155.629,0.715454,-1,-1,-1
178,-1,148.478,114.722,63.062,160.845,0.691508,-1,-1,-1
179,-1,255.295,90.466,47.100,158.416,0.752747,-1,-1,-1
179,-1,377.595,113.458,43.242,148.267,0.717259,-1,-1,-1
179,-1,147.953,115.214,69.484,159.504,0.714864,-1,-1,-1
179,-1,420.359,107.674,53.156,155.224,0.709044,-1,-1,-1
179,-1,311.412,110.758,57.733,135.786,0.702566,-1,-1,-1
179,-1,197.954,89.777,41.012,156.494,0.663927,-1,-1,-1
