1,-1,387.105,151.358,105.048,205.658,0.901572,-1,-1,-1
1,-1,470.750,140.671,80.883,192.184,0.896643,-1,-1,-1
1,-1,547.229,143.143,17.714,46.958,0.471007,-1,-1,-1
1,-1,484.591,140.925,18.305,43.850,0.435742,-1,-1,-1
1,-1,563.860,141.939,17.590,47.941,0.413657,-1,-1,-1
1,-1,530.862,138.887,14.714,50.265,0.400826,-1,-1,-1
1,-1,535.030,139.820,25.034,49.752,0.301329,-1,-1,-1
2,-1,394.589,151.581,101.958,205.609,0.912896,-1,-1,-1
2,-1,497.063,141.867,56.670,190.066,0.868092,-1,-1,-1
2,-1,561.195,143.101,17.932,47.300,0.514865,-1,-1,-1
2,-1,545.081,143.341,18.242,46.984,0.463724,-1,-1,-1
2,-1,484.948,146.096,17.764,52.902,0.313391,-1,-1,-1
3,-1,507.327,142.891,62.835,189.634,0.948783,-1,-1,-1
3,-1,418.669,150.449,76.771,204.736,0.887988,-1,-1,-1
3,-1,487.076,143.326,17.057,46.181,0.482311,-1,-1,-1
3,-1,507.226,139.679,19.212,38.409,0.422978,-1,-1,-1
3,-1,562.224,143.922,17.304,46.836,0.417196,-1,-1,-1
3,-1,549.795,141.780,20.740,49.514,0.292393,-1,-1,-1
4,-1,517.713,146.056,69.556,195.771,0.891573,-1,-1,-1
4,-1,449.882,143.225,58.206,220.347,0.850201,-1,-1,-1
4,-1,505.766,140.943,18.107,39.868,0.424213,-1,-1,-1
4,-1,561.789,143.296,20.343,49.176,0.390606,-1,-1,-1
4,-1,525.350,140.339,15.698,37.897,0.255136,-1,-1,-1
5,-1,517.536,144.826,85.133,192.629,0.953017,-1,-1,-1
5,-1,458.362,145.713,74.849,217.721,0.873053,-1,-1,-1
5,-1,506.832,140.475,16.895,42.008,0.504986,-1,-1,-1
5,-1,525.588,138.155,16.907,47.321,0.458255,-1,-1,-1
6,-1,527.434,145.600,82.929,201.483,0.924773,-1,-1,-1
6,-1,449.589,144.894,94.507,213.842,0.869727,-1,-1,-1
6,-1,522.867,138.690,18.131,43.931,0.487724,-1,-1,-1
6,-1,544.030,142.081,20.226,38.755,0.456609,-1,-1,-1
7,-1,534.695,145.900,80.768,201.567,0.888710,-1,-1,-1
7,-1,466.482,152.980,88.217,213.135,0.875618,-1,-1,-1
7,-1,492.174,143.451,17.336,42.443,0.563470,-1,-1,-1
7,-1,543.016,142.013,22.827,44.766,0.493904,-1,-1,-1
7,-1,527.303,138.916,14.853,39.581,0.309544,-1,-1,-1
7,-1,506.780,140.782,15.605,26.943,0.254240,-1,-1,-1
8,-1,481.470,152.442,92.966,213.957,0.900738,-1,-1,-1
8,-1,569.822,140.421,49.371,204.468,0.897904,-1,-1,-1
8,-1,490.645,144.756,21.476,57.387,0.535585,-1,-1,-1
8,-1,546.043,141.564,17.213,42.546,0.461899,-1,-1,-1
8,-1,525.156,136.161,16.539,22.032,0.377201,-1,-1,-1
8,-1,504.382,141.536,17.345,45.888,0.252907,-1,-1,-1
9,-1,580.973,138.034,54.044,210.654,0.892486,-1,-1,-1
9,-1,512.562,151.128,59.144,216.314,0.860865,-1,-1,-1
9,-1,493.791,144.844,20.590,60.073,0.674315,-1,-1,-1
9,-1,519.951,135.561,19.324,42.898,0.554953,-1,-1,-1
10,-1,580.623,143.688,83.992,204.877,0.895609,-1,-1,-1
10,-1,524.274,149.060,68.777,217.065,0.874527,-1,-1,-1
10,-1,496.429,144.385,20.345,59.736,0.754038,-1,-1,-1
10,-1,519.966,137.105,20.188,62.218,0.549642,-1,-1,-1
10,-1,239.235,164.445,57.432,145.405,0.416652,-1,-1,-1
11,-1,526.318,151.148,112.132,216.929,0.911263,-1,-1,-1
11,-1,599.786,145.198,90.388,211.429,0.877600,-1,-1,-1
11,-1,496.945,142.456,20.098,60.501,0.720502,-1,-1,-1
11,-1,239.282,143.673,60.395,166.845,0.676048,-1,-1,-1
11,-1,518.313,137.453,19.785,56.726,0.659724,-1,-1,-1
11,-1,543.862,142.419,20.208,42.906,0.512866,-1,-1,-1
11,-1,522.381,139.979,39.947,49.865,0.251427,-1,-1,-1
12,-1,528.790,151.308,116.341,217.273,0.920090,-1,-1,-1
12,-1,616.339,140.260,75.250,218.906,0.890867,-1,-1,-1
12,-1,253.608,142.818,59.672,172.929,0.741329,-1,-1,-1
12,-1,518.481,137.588,18.651,57.802,0.647267,-1,-1,-1
12,-1,498.191,142.683,20.131,58.285,0.600263,-1,-1,-1
12,-1,479.269,139.538,18.571,44.583,0.479192,-1,-1,-1
12,-1,541.713,144.431,20.557,50.121,0.472220,-1,-1,-1
13,-1,539.212,152.407,106.457,214.568,0.896467,-1,-1,-1
13,-1,627.940,145.495,61.073,214.113,0.849744,-1,-1,-1
13,-1,257.406,140.440,65.008,178.150,0.790346,-1,-1,-1
13,-1,497.828,142.554,21.530,62.906,0.659188,-1,-1,-1
13,-1,517.923,136.665,19.114,58.880,0.644823,-1,-1,-1
13,-1,542.727,142.446,18.612,52.334,0.583374,-1,-1,-1
13,-1,477.604,140.929,18.987,44.728,0.343992,-1,-1,-1
14,-1,642.807,142.433,54.413,216.962,0.870159,-1,-1,-1
14,-1,570.035,149.415,80.326,217.633,0.861387,-1,-1,-1
14,-1,262.277,142.597,79.458,178.861,0.744626,-1,-1,-1
14,-1,500.016,142.641,22.297,64.319,0.667056,-1,-1,-1
14,-1,518.036,137.013,18.756,57.645,0.622258,-1,-1,-1
14,-1,540.924,142.637,20.614,54.041,0.532992,-1,-1,-1
14,-1,476.201,140.660,19.974,47.697,0.405080,-1,-1,-1
14,-1,231.911,131.898,48.198,189.158,0.355733,-1,-1,-1
15,-1,648.990,142.017,70.938,220.903,0.896447,-1,-1,-1
15,-1,596.858,147.156,63.104,221.002,0.865724,-1,-1,-1
15,-1,274.269,150.007,80.894,172.736,0.706704,-1,-1,-1
15,-1,501.883,143.463,23.649,62.855,0.682561,-1,-1,-1
15,-1,540.129,145.302,19.477,50.682,0.502293,-1,-1,-1
15,-1,473.433,140.785,17.920,46.395,0.442738,-1,-1,-1
15,-1,519.549,138.448,16.560,50.732,0.423450,-1,-1,-1
15,-1,569.679,147.120,16.550,50.099,0.288677,-1,-1,-1
16,-1,588.489,148.435,99.430,220.357,0.908786,-1,-1,-1
16,-1,660.204,143.874,77.403,222.061,0.908399,-1,-1,-1
16,-1,290.785,149.025,73.328,173.292,0.841310,-1,-1,-1
16,-1,239.108,127.432,74.277,201.363,0.656529,-1,-1,-1
16,-1,506.166,144.457,21.860,61.111,0.627192,-1,-1,-1
16,-1,568.048,143.099,17.446,53.797,0.587325,-1,-1,-1
16,-1,539.476,146.335,20.412,51.538,0.577948,-1,-1,-1
16,-1,471.647,141.570,20.116,48.981,0.534440,-1,-1,-1
16,-1,491.596,140.419,17.230,45.798,0.282735,-1,-1,-1
16,-1,507.344,144.379,49.843,58.927,0.267405,-1,-1,-1
17,-1,667.714,145.719,93.022,220.912,0.912531,-1,-1,-1
17,-1,588.710,153.864,120.332,215.136,0.902910,-1,-1,-1
17,-1,507.356,142.914,21.964,64.311,0.720435,-1,-1,-1
17,-1,251.792,130.738,59.939,198.221,0.650946,-1,-1,-1
17,-1,310.913,141.688,58.441,178.487,0.627449,-1,-1,-1
17,-1,539.261,146.418,19.668,50.707,0.569025,-1,-1,-1
17,-1,469.234,141.090,19.599,49.881,0.532114,-1,-1,-1
17,-1,562.394,141.958,22.685,55.489,0.408221,-1,-1,-1
17,-1,491.744,139.855,15.908,42.742,0.256989,-1,-1,-1
18,-1,597.568,153.983,118.887,214.723,0.911328,-1,-1,-1
18,-1,680.900,145.440,80.704,222.382,0.901065,-1,-1,-1
18,-1,319.869,147.434,78.845,172.823,0.791473,-1,-1,-1
18,-1,255.983,129.780,56.277,198.465,0.706679,-1,-1,-1
18,-1,509.769,142.466,22.343,65.334,0.691648,-1,-1,-1
18,-1,1177.749,146.628,45.251,220.326,0.634234,-1,-1,-1
18,-1,541.583,144.524,19.532,53.079,0.529332,-1,-1,-1
18,-1,465.703,141.247,15.729,46.888,0.522097,-1,-1,-1
18,-1,573.050,148.278,17.708,48.083,0.355518,-1,-1,-1
18,-1,489.738,140.731,15.361,41.628,0.308650,-1,-1,-1
19,-1,1137.450,151.276,85.550,215.759,0.923939,-1,-1,-1
19,-1,624.963,150.895,95.350,218.002,0.900732,-1,-1,-1
19,-1,693.955,144.801,73.627,220.505,0.887078,-1,-1,-1
19,-1,317.692,152.892,104.458,171.682,0.834983,-1,-1,-1
19,-1,260.517,129.828,62.060,205.955,0.733384,-1,-1,-1
19,-1,510.266,141.167,22.974,66.846,0.716051,-1,-1,-1
19,-1,572.023,147.780,18.775,48.896,0.573798,-1,-1,-1
19,-1,541.319,143.635,22.722,53.162,0.547134,-1,-1,-1
19,-1,489.154,140.327,13.936,40.228,0.361307,-1,-1,-1
19,-1,461.756,143.000,18.333,47.243,0.355138,-1,-1,-1
19,-1,543.240,143.736,44.456,53.104,0.267192,-1,-1,-1
20,-1,1114.567,148.028,84.314,219.634,0.903463,-1,-1,-1
20,-1,325.678,141.941,105.564,184.697,0.853771,-1,-1,-1
20,-1,658.645,147.963,68.258,216.192,0.785109,-1,-1,-1
20,-1,713.980,142.196,63.123,220.711,0.783184,-1,-1,-1
20,-1,265.542,127.499,79.559,211.444,0.733209,-1,-1,-1
20,-1,509.534,139.285,25.064,68.808,0.729338,-1,-1,-1
20,-1,572.789,147.479,18.463,49.603,0.568951,-1,-1,-1
20,-1,541.703,141.799,21.352,53.835,0.559711,-1,-1,-1
20,-1,487.278,140.380,14.255,41.676,0.438550,-1,-1,-1
20,-1,459.501,141.644,19.377,50.431,0.358536,-1,-1,-1
20,-1,543.024,142.534,42.405,54.652,0.271339,-1,-1,-1
21,-1,1078.057,146.513,82.635,220.212,0.919471,-1,-1,-1
21,-1,672.053,148.513,84.911,218.995,0.888429,-1,-1,-1
21,-1,726.874,140.464,76.692,226.549,0.868252,-1,-1,-1
21,-1,341.247,138.027,87.482,187.716,0.754143,-1,-1,-1
21,-1,268.369,127.721,92.675,215.233,0.724281,-1,-1,-1
21,-1,511.546,139.624,24.739,69.115,0.667201,-1,-1,-1
21,-1,574.102,146.745,18.590,51.413,0.625125,-1,-1,-1
21,-1,540.525,142.427,21.799,55.550,0.560522,-1,-1,-1
21,-1,452.534,141.931,22.897,49.054,0.473238,-1,-1,-1
21,-1,486.250,140.507,14.507,39.958,0.402388,-1,-1,-1
22,-1,1013.365,149.296,131.915,217.419,0.923537,-1,-1,-1
22,-1,683.138,148.339,103.576,219.580,0.909775,-1,-1,-1
22,-1,742.699,142.535,83.124,223.167,0.894924,-1,-1,-1
22,-1,378.645,143.073,53.433,179.716,0.773063,-1,-1,-1
22,-1,284.064,127.992,73.770,217.058,0.719266,-1,-1,-1
22,-1,541.971,142.946,20.255,54.687,0.647019,-1,-1,-1
22,-1,574.287,146.941,18.191,51.630,0.576722,-1,-1,-1
22,-1,449.180,141.644,24.715,49.485,0.505660,-1,-1,-1
22,-1,520.755,140.399,17.704,66.118,0.504983,-1,-1,-1
22,-1,485.498,139.716,15.100,40.257,0.463277,-1,-1,-1
22,-1,506.381,139.809,15.645,44.048,0.390617,-1,-1,-1
22,-1,508.283,141.501,20.891,62.021,0.327554,-1,-1,-1
22,-1,516.496,142.466,45.241,58.572,0.253660,-1,-1,-1
23,-1,974.498,155.423,149.041,211.380,0.909190,-1,-1,-1
23,-1,682.305,151.899,121.750,215.976,0.895457,-1,-1,-1
23,-1,754.681,145.001,97.632,221.731,0.879203,-1,-1,-1
23,-1,387.645,140.799,65.294,186.871,0.735720,-1,-1,-1
23,-1,543.276,144.051,18.496,54.426,0.691857,-1,-1,-1
23,-1,292.723,129.183,73.291,214.207,0.662379,-1,-1,-1
23,-1,573.912,147.592,19.304,50.945,0.592933,-1,-1,-1
23,-1,521.745,139.499,18.716,67.673,0.583420,-1,-1,-1
23,-1,442.441,140.878,26.721,51.448,0.488095,-1,-1,-1
23,-1,485.171,142.189,14.050,38.444,0.394625,-1,-1,-1
23,-1,506.346,140.374,14.749,42.270,0.382186,-1,-1,-1
23,-1,519.156,142.207,41.077,62.094,0.254001,-1,-1,-1
24,-1,953.486,155.523,137.733,212.265,0.908508,-1,-1,-1
24,-1,777.082,144.298,75.727,222.846,0.869751,-1,-1,-1
24,-1,687.643,150.393,127.298,217.817,0.850539,-1,-1,-1
24,-1,518.870,142.776,22.081,67.803,0.724735,-1,-1,-1
24,-1,315.470,126.441,69.528,216.883,0.683808,-1,-1,-1
24,-1,544.783,145.914,17.364,51.158,0.673867,-1,-1,-1
24,-1,396.151,151.153,83.530,176.263,0.628079,-1,-1,-1
24,-1,573.628,147.420,19.591,51.458,0.550350,-1,-1,-1
24,-1,436.108,140.839,28.327,50.615,0.447435,-1,-1,-1
24,-1,504.234,140.354,15.330,42.290,0.413243,-1,-1,-1
24,-1,484.209,140.490,13.473,39.342,0.403805,-1,-1,-1
25,-1,723.390,146.516,86.446,220.599,0.911188,-1,-1,-1
25,-1,944.881,149.477,87.518,217.232,0.905784,-1,-1,-1
25,-1,793.076,142.061,67.135,226.601,0.856731,-1,-1,-1
25,-1,395.455,151.972,93.850,178.305,0.778657,-1,-1,-1
25,-1,327.032,128.152,69.074,216.910,0.760010,-1,-1,-1
25,-1,519.285,142.061,21.941,68.613,0.725993,-1,-1,-1
25,-1,544.392,144.261,17.918,54.003,0.668531,-1,-1,-1
25,-1,575.018,145.663,21.338,52.762,0.586045,-1,-1,-1
25,-1,482.621,139.371,15.361,40.150,0.479745,-1,-1,-1
25,-1,502.563,138.882,17.437,44.196,0.461003,-1,-1,-1
25,-1,428.470,141.682,24.666,39.037,0.337415,-1,-1,-1
26,-1,924.122,149.159,89.164,218.000,0.901507,-1,-1,-1
26,-1,414.621,143.975,87.333,189.364,0.855547,-1,-1,-1
26,-1,808.167,140.133,74.867,228.062,0.852972,-1,-1,-1
26,-1,753.999,144.703,74.152,221.580,0.850320,-1,-1,-1
26,-1,328.609,131.911,96.878,210.462,0.797227,-1,-1,-1
26,-1,520.254,141.957,23.942,69.837,0.790630,-1,-1,-1
26,-1,544.562,143.465,17.413,55.398,0.644414,-1,-1,-1
26,-1,575.966,147.608,20.869,50.043,0.527323,-1,-1,-1
26,-1,481.476,139.807,15.592,38.781,0.404850,-1,-1,-1
26,-1,500.792,139.195,19.088,42.048,0.389183,-1,-1,-1
26,-1,484.266,139.472,27.164,40.171,0.255605,-1,-1,-1
26,-1,423.982,141.201,21.340,36.850,0.252279,-1,-1,-1
27,-1,870.228,154.683,139.709,213.288,0.905229,-1,-1,-1
27,-1,748.501,145.683,94.045,219.630,0.889183,-1,-1,-1
27,-1,826.589,138.163,88.583,228.973,0.880477,-1,-1,-1
27,-1,440.451,140.647,64.994,194.265,0.856800,-1,-1,-1
27,-1,335.376,131.312,100.677,215.426,0.835071,-1,-1,-1
27,-1,523.443,143.159,24.331,70.018,0.760314,-1,-1,-1
27,-1,545.905,144.103,16.935,53.679,0.642149,-1,-1,-1
27,-1,578.364,147.766,19.418,50.735,0.564409,-1,-1,-1
27,-1,502.173,139.607,19.053,40.863,0.371771,-1,-1,-1
27,-1,483.220,139.576,15.385,39.371,0.366241,-1,-1,-1
28,-1,459.337,141.768,59.021,190.211,0.873716,-1,-1,-1
28,-1,749.092,146.270,113.229,220.782,0.871134,-1,-1,-1
28,-1,883.170,159.458,115.010,208.067,0.814905,-1,-1,-1
28,-1,841.265,150.398,70.001,215.869,0.801991,-1,-1,-1
28,-1,352.453,131.193,82.202,217.092,0.741749,-1,-1,-1
28,-1,524.596,143.429,24.216,70.954,0.741084,-1,-1,-1
28,-1,577.210,147.487,20.828,52.952,0.608405,-1,-1,-1
28,-1,546.077,145.842,17.847,53.766,0.532098,-1,-1,-1
28,-1,503.324,139.898,19.009,38.474,0.396255,-1,-1,-1
28,-1,496.802,139.385,18.283,40.239,0.274533,-1,-1,-1
28,-1,512.290,139.277,30.315,64.152,0.273695,-1,-1,-1
29,-1,859.122,145.163,100.456,221.307,0.929316,-1,-1,-1
29,-1,764.104,149.176,113.977,219.114,0.916638,-1,-1,-1
29,-1,462.124,155.133,96.464,180.054,0.889567,-1,-1,-1
29,-1,370.580,128.143,70.084,218.408,0.722808,-1,-1,-1
29,-1,526.564,141.870,24.145,71.297,0.704783,-1,-1,-1
29,-1,580.740,147.759,20.100,53.599,0.617504,-1,-1,-1
29,-1,546.007,146.684,16.350,53.838,0.472689,-1,-1,-1
29,-1,503.859,139.846,18.206,39.344,0.454971,-1,-1,-1
29,-1,564.427,138.582,20.086,40.052,0.378482,-1,-1,-1
29,-1,494.181,140.758,19.717,37.564,0.275589,-1,-1,-1
30,-1,880.307,145.977,96.993,220.629,0.896668,-1,-1,-1
30,-1,802.260,149.809,117.557,217.612,0.890635,-1,-1,-1
30,-1,467.145,156.705,98.595,183.669,0.886651,-1,-1,-1
30,-1,580.065,147.140,22.429,54.916,0.656935,-1,-1,-1
30,-1,382.498,129.395,65.783,227.441,0.640011,-1,-1,-1
30,-1,525.826,141.799,25.348,73.753,0.621014,-1,-1,-1
30,-1,496.464,140.979,25.389,39.012,0.395717,-1,-1,-1
30,-1,477.963,139.965,14.331,38.405,0.389894,-1,-1,-1
30,-1,543.352,145.895,18.712,59.605,0.385589,-1,-1,-1
30,-1,563.668,138.822,14.427,36.379,0.368757,-1,-1,-1
30,-1,482.149,140.466,24.331,39.765,0.284684,-1,-1,-1
30,-1,548.031,141.673,24.448,50.062,0.271333,-1,-1,-1
30,-1,398.114,143.263,15.793,25.698,0.256738,-1,-1,-1
31,-1,896.179,141.304,92.188,225.369,0.885230,-1,-1,-1
31,-1,475.895,154.813,87.645,185.739,0.882991,-1,-1,-1
31,-1,776.138,159.463,86.405,200.089,0.840941,-1,-1,-1
31,-1,837.172,146.133,77.973,218.446,0.805787,-1,-1,-1
31,-1,386.916,131.290,91.402,223.619,0.643090,-1,-1,-1
31,-1,583.317,149.008,19.987,52.670,0.535488,-1,-1,-1
31,-1,474.900,140.299,16.179,38.800,0.521003,-1,-1,-1
31,-1,539.745,144.539,19.882,55.778,0.518884,-1,-1,-1
31,-1,386.151,141.558,32.873,40.521,0.486357,-1,-1,-1
31,-1,495.563,139.912,17.713,40.693,0.381435,-1,-1,-1
32,-1,848.406,143.922,119.772,224.245,0.890963,-1,-1,-1
32,-1,391.918,134.201,96.395,228.235,0.881090,-1,-1,-1
32,-1,922.029,136.387,75.739,231.447,0.866482,-1,-1,-1
32,-1,745.971,161.611,122.754,202.844,0.845893,-1,-1,-1
32,-1,506.202,155.263,61.358,184.937,0.829792,-1,-1,-1
32,-1,586.050,146.954,19.370,55.834,0.599259,-1,-1,-1
32,-1,378.657,141.710,33.604,33.951,0.504351,-1,-1,-1
32,-1,495.895,138.947,16.082,42.842,0.411518,-1,-1,-1
32,-1,473.994,140.714,16.060,38.582,0.358488,-1,-1,-1
32,-1,547.847,140.684,17.728,39.867,0.312588,-1,-1,-1
33,-1,747.197,160.366,101.280,199.333,0.927560,-1,-1,-1
33,-1,525.178,149.512,63.550,197.509,0.896689,-1,-1,-1
33,-1,940.253,138.796,83.928,228.625,0.880065,-1,-1,-1
33,-1,864.315,148.422,133.620,218.201,0.861919,-1,-1,-1
33,-1,415.849,129.181,69.850,221.741,0.823692,-1,-1,-1
33,-1,371.020,140.900,34.901,37.104,0.570571,-1,-1,-1
33,-1,588.114,147.621,19.021,54.629,0.520570,-1,-1,-1
33,-1,523.332,136.782,21.348,43.286,0.464801,-1,-1,-1
33,-1,565.392,140.312,19.095,46.261,0.424777,-1,-1,-1
33,-1,490.114,140.700,17.252,40.736,0.324746,-1,-1,-1
34,-1,740.461,155.827,58.738,200.581,0.910976,-1,-1,-1
34,-1,536.987,151.912,80.194,200.107,0.909987,-1,-1,-1
34,-1,878.400,149.560,126.569,217.573,0.859056,-1,-1,-1
34,-1,968.661,140.299,80.911,226.310,0.824674,-1,-1,-1
34,-1,429.410,131.496,73.426,231.278,0.776116,-1,-1,-1
34,-1,589.095,148.997,20.226,52.014,0.633202,-1,-1,-1
34,-1,523.718,135.659,22.848,69.353,0.447047,-1,-1,-1
34,-1,367.804,141.568,28.905,36.577,0.382886,-1,-1,-1
34,-1,559.129,141.999,19.960,39.793,0.305328,-1,-1,-1
34,-1,544.162,141.857,21.270,42.280,0.299309,-1,-1,-1
34,-1,490.267,139.024,17.955,42.904,0.254187,-1,-1,-1
35,-1,538.952,152.842,96.969,203.196,0.912345,-1,-1,-1
35,-1,697.922,159.018,97.799,194.920,0.911465,-1,-1,-1
35,-1,917.357,148.956,97.771,217.917,0.838739,-1,-1,-1
35,-1,447.843,128.296,77.253,229.813,0.833587,-1,-1,-1
35,-1,978.554,143.287,100.893,224.999,0.816728,-1,-1,-1
35,-1,591.625,146.038,17.421,42.510,0.549560,-1,-1,-1
35,-1,544.345,142.799,20.549,65.060,0.507168,-1,-1,-1
35,-1,524.820,134.706,23.009,72.732,0.479142,-1,-1,-1
35,-1,353.770,141.150,33.855,33.177,0.321407,-1,-1,-1
35,-1,562.329,141.133,18.194,44.195,0.278780,-1,-1,-1
36,-1,671.712,162.352,120.945,190.027,0.917612,-1,-1,-1
36,-1,549.701,149.843,95.383,212.789,0.914268,-1,-1,-1
36,-1,944.974,145.835,95.032,221.238,0.884655,-1,-1,-1
36,-1,461.019,128.775,87.236,233.605,0.874194,-1,-1,-1
36,-1,1014.538,142.178,86.275,224.432,0.869007,-1,-1,-1
36,-1,543.388,142.288,23.114,75.475,0.725885,-1,-1,-1
36,-1,521.357,137.639,23.673,67.543,0.551765,-1,-1,-1
36,-1,346.399,139.192,32.506,37.102,0.415915,-1,-1,-1
36,-1,465.445,140.984,20.633,35.156,0.318667,-1,-1,-1
36,-1,319.412,140.444,21.712,37.637,0.303645,-1,-1,-1
36,-1,564.320,142.603,15.609,41.601,0.267629,-1,-1,-1
37,-1,579.559,141.845,77.918,217.393,0.921552,-1,-1,-1
37,-1,670.353,160.325,101.099,188.853,0.916580,-1,-1,-1
37,-1,461.752,137.087,107.174,227.702,0.871337,-1,-1,-1
37,-1,966.849,142.997,103.464,224.859,0.869748,-1,-1,-1
37,-1,1044.649,139.140,73.770,229.000,0.823157,-1,-1,-1
37,-1,544.073,142.321,26.691,77.097,0.748029,-1,-1,-1
37,-1,463.046,141.000,19.785,37.999,0.397455,-1,-1,-1
37,-1,488.712,141.483,15.959,34.050,0.383201,-1,-1,-1
37,-1,531.892,137.966,14.549,58.510,0.327330,-1,-1,-1
38,-1,655.844,157.011,58.032,189.746,0.913042,-1,-1,-1
38,-1,467.889,137.402,104.926,227.842,0.902470,-1,-1,-1
38,-1,596.115,144.980,67.105,213.678,0.895209,-1,-1,-1
38,-1,990.858,143.843,114.254,224.025,0.844637,-1,-1,-1
38,-1,1078.476,134.595,60.984,225.986,0.657836,-1,-1,-1
38,-1,551.577,143.652,21.752,76.620,0.599714,-1,-1,-1
38,-1,457.169,142.651,21.108,39.031,0.438018,-1,-1,-1
38,-1,591.768,148.364,17.107,51.130,0.432013,-1,-1,-1
38,-1,486.094,142.149,17.826,41.468,0.337130,-1,-1,-1
39,-1,1017.151,135.306,154.526,232.124,0.890046,-1,-1,-1
39,-1,492.225,130.424,92.176,236.954,0.878864,-1,-1,-1
39,-1,603.750,149.685,89.743,213.427,0.862834,-1,-1,-1
39,-1,647.312,157.699,58.027,197.868,0.777702,-1,-1,-1
39,-1,590.783,148.111,21.683,56.425,0.608726,-1,-1,-1
39,-1,485.836,141.603,16.131,42.937,0.466648,-1,-1,-1
39,-1,449.565,144.746,17.321,34.350,0.339642,-1,-1,-1
39,-1,319.074,139.972,27.166,40.419,0.318813,-1,-1,-1
39,-1,524.937,132.520,22.000,37.609,0.316202,-1,-1,-1
39,-1,510.460,140.698,15.211,34.272,0.302264,-1,-1,-1
39,-1,511.277,136.959,28.768,39.095,0.269486,-1,-1,-1
40,-1,599.923,150.510,120.433,216.369,0.906673,-1,-1,-1
40,-1,524.415,130.333,79.494,234.396,0.864750,-1,-1,-1
40,-1,1047.073,145.023,159.082,220.329,0.842979,-1,-1,-1
40,-1,595.298,146.825,19.873,59.238,0.564569,-1,-1,-1
40,-1,524.062,132.318,25.265,56.190,0.526953,-1,-1,-1
40,-1,507.416,139.448,15.302,38.779,0.517095,-1,-1,-1
40,-1,483.107,141.217,16.132,41.910,0.441827,-1,-1,-1
40,-1,445.980,142.914,15.943,35.723,0.406994,-1,-1,-1
40,-1,463.823,141.224,13.406,38.444,0.298168,-1,-1,-1
41,-1,1077.449,142.382,145.551,224.043,0.929890,-1,-1,-1
41,-1,616.589,146.888,96.530,220.696,0.894628,-1,-1,-1
41,-1,535.537,131.097,74.692,234.505,0.798047,-1,-1,-1
41,-1,592.986,159.153,58.816,181.389,0.771354,-1,-1,-1
41,-1,524.229,130.602,25.433,76.682,0.574178,-1,-1,-1
41,-1,551.926,140.046,20.844,35.754,0.551709,-1,-1,-1
41,-1,434.447,145.494,22.249,34.352,0.377346,-1,-1,-1
41,-1,496.862,140.331,17.436,40.500,0.347070,-1,-1,-1
41,-1,460.364,145.074,16.977,33.999,0.323287,-1,-1,-1
41,-1,481.748,140.415,23.343,42.502,0.307576,-1,-1,-1
41,-1,471.971,141.765,23.890,40.087,0.252069,-1,-1,-1
42,-1,1105.974,142.965,117.026,222.665,0.919188,-1,-1,-1
42,-1,639.406,143.573,75.519,223.988,0.890513,-1,-1,-1
42,-1,552.006,133.811,91.291,235.189,0.803130,-1,-1,-1
42,-1,523.790,137.129,25.975,70.730,0.714411,-1,-1,-1
42,-1,552.539,142.117,26.416,61.991,0.625481,-1,-1,-1
42,-1,486.951,138.005,22.029,46.151,0.527393,-1,-1,-1
42,-1,431.103,142.406,21.195,35.894,0.476713,-1,-1,-1
42,-1,460.214,144.824,16.230,33.205,0.442550,-1,-1,-1
43,-1,1137.451,147.025,85.549,218.159,0.923166,-1,-1,-1
43,-1,670.057,142.689,67.814,226.311,0.913284,-1,-1,-1
43,-1,544.159,133.639,107.392,234.776,0.822466,-1,-1,-1
43,-1,526.791,137.277,22.668,67.209,0.622910,-1,-1,-1
43,-1,553.223,142.372,19.160,73.075,0.592297,-1,-1,-1
43,-1,482.995,138.026,19.461,46.824,0.491254,-1,-1,-1
43,-1,558.446,148.023,28.706,74.550,0.443557,-1,-1,-1
43,-1,429.698,142.278,19.833,36.824,0.375323,-1,-1,-1
43,-1,459.032,143.128,12.020,34.326,0.332193,-1,-1,-1
44,-1,681.162,143.780,88.075,222.946,0.928485,-1,-1,-1
44,-1,569.458,130.947,86.809,238.053,0.853930,-1,-1,-1
44,-1,509.837,158.753,89.744,178.166,0.812129,-1,-1,-1
44,-1,1149.592,188.727,73.408,177.668,0.804794,-1,-1,-1
44,-1,525.320,135.357,23.948,72.260,0.729937,-1,-1,-1
44,-1,567.027,142.847,24.112,57.807,0.600545,-1,-1,-1
44,-1,483.005,138.445,16.751,45.863,0.422880,-1,-1,-1
44,-1,456.964,142.396,14.684,40.335,0.312334,-1,-1,-1
44,-1,423.968,142.406,18.541,31.800,0.270052,-1,-1,-1
45,-1,686.713,145.260,107.774,222.509,0.935199,-1,-1,-1
45,-1,493.363,160.596,99.762,177.738,0.883862,-1,-1,-1
45,-1,591.235,127.205,83.832,241.795,0.795379,-1,-1,-1
45,-1,1172.516,265.090,50.484,97.875,0.735695,-1,-1,-1
45,-1,561.566,143.183,30.830,81.911,0.714755,-1,-1,-1
45,-1,454.178,142.390,15.935,40.084,0.495745,-1,-1,-1
45,-1,482.657,139.649,16.398,44.553,0.465955,-1,-1,-1
45,-1,605.243,146.251,15.777,55.448,0.456449,-1,-1,-1
45,-1,417.952,144.243,21.398,33.628,0.361695,-1,-1,-1
45,-1,509.789,142.630,20.063,39.986,0.335213,-1,-1,-1
45,-1,527.973,133.769,23.587,47.530,0.283737,-1,-1,-1
46,-1,693.427,145.140,116.782,223.285,0.925063,-1,-1,-1
46,-1,494.592,153.908,80.708,184.282,0.860809,-1,-1,-1
46,-1,619.756,124.504,83.290,241.351,0.859082,-1,-1,-1
46,-1,603.668,146.120,21.212,60.331,0.684114,-1,-1,-1
46,-1,563.962,141.972,28.361,84.982,0.676054,-1,-1,-1
46,-1,526.901,132.290,24.401,66.923,0.581189,-1,-1,-1
46,-1,453.261,142.811,15.311,38.485,0.442121,-1,-1,-1
46,-1,550.247,142.380,21.063,68.785,0.392902,-1,-1,-1
46,-1,481.287,138.437,16.709,44.830,0.382594,-1,-1,-1
46,-1,473.956,138.823,16.563,43.617,0.306898,-1,-1,-1
46,-1,410.131,143.114,21.863,35.080,0.284894,-1,-1,-1
47,-1,719.674,143.631,102.714,224.865,0.933952,-1,-1,-1
47,-1,625.646,125.391,97.881,242.734,0.857596,-1,-1,-1
47,-1,486.178,155.397,44.464,181.555,0.779884,-1,-1,-1
47,-1,527.240,134.532,24.937,76.669,0.701401,-1,-1,-1
47,-1,603.342,147.815,23.212,61.271,0.667107,-1,-1,-1
47,-1,571.894,145.188,24.820,80.770,0.642379,-1,-1,-1
47,-1,451.077,144.741,16.648,36.693,0.348059,-1,-1,-1
47,-1,526.030,137.969,60.193,75.652,0.334701,-1,-1,-1
47,-1,472.556,139.484,17.108,43.265,0.321144,-1,-1,-1
47,-1,554.750,143.338,20.118,67.805,0.306174,-1,-1,-1
48,-1,746.636,140.566,82.565,227.284,0.919262,-1,-1,-1
48,-1,631.274,128.391,110.572,240.272,0.887824,-1,-1,-1
48,-1,439.653,156.301,86.309,180.243,0.873456,-1,-1,-1
48,-1,528.776,136.003,23.765,75.450,0.775531,-1,-1,-1
48,-1,606.437,147.754,20.665,63.235,0.652601,-1,-1,-1
48,-1,572.526,145.666,26.642,76.256,0.612320,-1,-1,-1
48,-1,557.942,144.885,19.080,65.084,0.443923,-1,-1,-1
48,-1,499.420,146.214,20.726,40.479,0.375741,-1,-1,-1
48,-1,398.242,143.530,22.484,35.916,0.338411,-1,-1,-1
49,-1,757.408,138.105,83.703,228.900,0.902660,-1,-1,-1
49,-1,639.391,129.334,129.798,239.398,0.902202,-1,-1,-1
49,-1,416.083,156.622,107.677,180.538,0.893099,-1,-1,-1
49,-1,574.082,144.283,26.997,82.280,0.778414,-1,-1,-1
49,-1,530.278,134.296,22.472,78.185,0.737149,-1,-1,-1
49,-1,608.729,147.251,21.914,63.737,0.647605,-1,-1,-1
49,-1,558.917,145.520,18.940,62.849,0.569046,-1,-1,-1
49,-1,476.164,139.191,17.134,43.883,0.383794,-1,-1,-1
49,-1,498.951,147.204,19.125,38.679,0.322407,-1,-1,-1
49,-1,395.604,144.835,20.949,37.490,0.304942,-1,-1,-1
49,-1,528.216,137.481,54.769,77.109,0.260167,-1,-1,-1
50,-1,670.591,123.343,122.191,244.795,0.896425,-1,-1,-1
50,-1,771.140,142.630,113.398,223.651,0.885507,-1,-1,-1
50,-1,411.223,157.571,85.584,176.408,0.841811,-1,-1,-1
50,-1,578.950,143.836,26.060,83.401,0.773596,-1,-1,-1
50,-1,530.173,134.149,22.922,77.581,0.750725,-1,-1,-1
50,-1,557.753,142.804,22.301,69.051,0.636626,-1,-1,-1
50,-1,610.438,145.096,21.448,65.737,0.587146,-1,-1,-1
50,-1,497.996,146.325,17.400,40.771,0.357043,-1,-1,-1
50,-1,474.796,138.825,17.138,45.844,0.294091,-1,-1,-1
51,-1,708.354,120.016,96.106,248.984,0.872208,-1,-1,-1
51,-1,781.281,141.804,107.603,224.803,0.863319,-1,-1,-1
51,-1,529.454,133.381,24.152,77.986,0.738542,-1,-1,-1
51,-1,402.770,151.584,65.821,179.987,0.708531,-1,-1,-1
51,-1,560.825,145.332,20.820,65.872,0.689672,-1,-1,-1
51,-1,610.684,146.172,24.303,64.545,0.678140,-1,-1,-1
51,-1,580.496,142.728,26.989,82.736,0.643429,-1,-1,-1
51,-1,494.026,146.456,19.689,40.710,0.394507,-1,-1,-1
51,-1,445.716,141.366,16.169,42.347,0.387077,-1,-1,-1
51,-1,470.432,140.046,21.132,45.334,0.338377,-1,-1,-1
52,-1,796.690,142.406,105.918,225.180,0.890580,-1,-1,-1
52,-1,718.376,121.980,86.498,245.863,0.872589,-1,-1,-1
52,-1,529.469,134.056,25.446,79.794,0.771574,-1,-1,-1
52,-1,562.303,147.259,21.270,65.292,0.746059,-1,-1,-1
52,-1,376.843,152.676,70.094,180.679,0.744313,-1,-1,-1
52,-1,582.399,144.083,26.949,83.684,0.657486,-1,-1,-1
52,-1,610.579,145.952,27.638,66.149,0.644236,-1,-1,-1
52,-1,465.756,141.673,14.445,42.796,0.358217,-1,-1,-1
52,-1,488.848,146.141,21.199,42.187,0.318777,-1,-1,-1
53,-1,842.334,137.290,75.515,229.802,0.886062,-1,-1,-1
53,-1,718.804,125.299,111.082,242.906,0.872137,-1,-1,-1
53,-1,339.502,154.264,105.261,178.795,0.818214,-1,-1,-1
53,-1,562.232,147.873,22.415,64.670,0.771709,-1,-1,-1
53,-1,530.359,134.330,25.587,80.704,0.764397,-1,-1,-1
53,-1,583.210,145.965,29.341,85.069,0.719550,-1,-1,-1
53,-1,614.291,147.788,24.663,62.348,0.654721,-1,-1,-1
53,-1,465.739,141.009,14.755,43.581,0.350705,-1,-1,-1
53,-1,490.086,144.635,18.650,42.935,0.346611,-1,-1,-1
54,-1,871.109,136.003,82.565,230.437,0.916765,-1,-1,-1
54,-1,753.299,124.523,97.666,243.215,0.867422,-1,-1,-1
54,-1,334.400,155.428,103.904,175.418,0.843370,-1,-1,-1
54,-1,585.443,144.100,31.290,88.577,0.798160,-1,-1,-1
54,-1,530.773,133.405,25.915,82.337,0.778414,-1,-1,-1
54,-1,560.746,147.292,23.719,65.754,0.767389,-1,-1,-1
54,-1,616.659,145.947,23.145,64.172,0.651405,-1,-1,-1
54,-1,465.303,140.591,14.324,43.962,0.379968,-1,-1,-1
54,-1,488.343,143.463,17.624,44.395,0.348053,-1,-1,-1
54,-1,537.317,142.173,42.273,72.023,0.335481,-1,-1,-1
54,-1,433.473,141.440,18.949,40.468,0.299168,-1,-1,-1
55,-1,876.703,141.067,127.033,225.667,0.923153,-1,-1,-1
55,-1,781.297,119.925,95.668,247.552,0.851985,-1,-1,-1
55,-1,531.811,133.263,26.095,83.184,0.804433,-1,-1,-1
55,-1,587.035,143.030,32.666,89.344,0.761558,-1,-1,-1
55,-1,563.319,143.695,22.215,71.563,0.748204,-1,-1,-1
55,-1,326.961,155.313,65.832,175.147,0.743862,-1,-1,-1
55,-1,619.741,148.968,20.873,62.365,0.641253,-1,-1,-1
55,-1,465.996,140.872,14.463,43.493,0.397703,-1,-1,-1
55,-1,428.815,141.292,22.025,40.108,0.329466,-1,-1,-1
55,-1,487.520,145.498,15.731,42.088,0.312062,-1,-1,-1
56,-1,883.012,143.333,160.535,224.361,0.901985,-1,-1,-1
56,-1,794.689,113.190,102.589,255.810,0.805129,-1,-1,-1
56,-1,534.680,134.759,23.571,81.370,0.791474,-1,-1,-1
56,-1,593.007,143.067,30.379,89.905,0.725874,-1,-1,-1
56,-1,563.089,144.856,24.200,69.788,0.725237,-1,-1,-1
56,-1,317.048,156.105,56.402,176.323,0.720971,-1,-1,-1
56,-1,622.294,148.840,21.474,63.783,0.717183,-1,-1,-1
56,-1,460.154,143.201,14.905,43.188,0.285583,-1,-1,-1
56,-1,425.393,140.960,23.054,41.353,0.281751,-1,-1,-1
57,-1,818.487,111.098,114.469,256.678,0.903345,-1,-1,-1
57,-1,914.438,141.847,155.983,225.177,0.868931,-1,-1,-1
57,-1,281.124,154.975,84.052,171.193,0.779841,-1,-1,-1
57,-1,534.159,135.861,26.794,81.677,0.772230,-1,-1,-1
57,-1,563.965,145.045,24.999,69.865,0.768315,-1,-1,-1
57,-1,592.314,145.805,37.085,89.348,0.744903,-1,-1,-1
57,-1,624.910,150.346,20.081,63.664,0.735589,-1,-1,-1
57,-1,461.626,140.921,19.868,43.824,0.260920,-1,-1,-1
58,-1,972.632,136.684,111.938,231.697,0.928759,-1,-1,-1
58,-1,838.321,112.707,114.455,254.631,0.904409,-1,-1,-1
58,-1,598.720,145.934,32.411,90.759,0.826652,-1,-1,-1
58,-1,534.984,135.184,28.236,83.100,0.795582,-1,-1,-1
58,-1,265.846,161.557,93.558,162.526,0.764125,-1,-1,-1
58,-1,564.997,144.819,26.286,70.847,0.740941,-1,-1,-1
58,-1,626.638,149.539,20.761,62.659,0.722338,-1,-1,-1
58,-1,427.379,140.574,21.644,41.089,0.382979,-1,-1,-1
58,-1,466.183,139.700,16.326,47.101,0.329243,-1,-1,-1
58,-1,458.908,141.275,14.380,45.101,0.291727,-1,-1,-1
59,-1,996.052,131.908,103.480,235.823,0.908777,-1,-1,-1
59,-1,850.636,118.530,137.989,248.221,0.894576,-1,-1,-1
59,-1,536.935,135.355,26.835,82.192,0.809939,-1,-1,-1
59,-1,601.780,143.352,31.034,92.257,0.788748,-1,-1,-1
59,-1,258.976,154.464,64.609,166.956,0.773944,-1,-1,-1
59,-1,566.064,144.903,27.216,72.742,0.757184,-1,-1,-1
59,-1,629.764,146.742,20.504,65.827,0.648312,-1,-1,-1
59,-1,538.679,141.265,52.565,76.074,0.420261,-1,-1,-1
59,-1,460.610,140.434,17.815,44.472,0.322160,-1,-1,-1
59,-1,407.836,143.585,18.969,36.515,0.316227,-1,-1,-1
59,-1,426.672,139.522,20.894,41.011,0.253193,-1,-1,-1
60,-1,1018.459,133.345,116.429,234.065,0.908069,-1,-1,-1
60,-1,907.517,113.992,105.057,252.161,0.896093,-1,-1,-1
60,-1,538.945,134.729,25.831,82.319,0.812900,-1,-1,-1
60,-1,566.463,142.999,29.852,74.356,0.769849,-1,-1,-1
60,-1,607.802,142.429,28.685,95.724,0.736860,-1,-1,-1
60,-1,258.304,155.102,50.027,164.611,0.722860,-1,-1,-1
60,-1,634.955,148.997,19.215,51.946,0.481972,-1,-1,-1
60,-1,424.575,141.699,19.308,38.484,0.432829,-1,-1,-1
60,-1,403.345,141.414,19.081,38.782,0.426752,-1,-1,-1
60,-1,464.783,143.464,22.701,46.038,0.326866,-1,-1,-1
60,-1,458.134,143.195,16.554,44.442,0.292457,-1,-1,-1
60,-1,542.105,140.073,49.373,78.162,0.273538,-1,-1,-1
61,-1,1046.954,138.569,117.381,227.680,0.889879,-1,-1,-1
61,-1,932.643,109.380,113.156,255.772,0.880446,-1,-1,-1
61,-1,539.950,134.876,25.670,82.955,0.811286,-1,-1,-1
61,-1,567.591,143.431,29.955,73.153,0.735563,-1,-1,-1
61,-1,259.309,166.986,49.858,151.876,0.703817,-1,-1,-1
61,-1,608.844,142.259,37.564,95.084,0.678992,-1,-1,-1
61,-1,401.217,139.783,18.791,39.654,0.458732,-1,-1,-1
61,-1,462.752,140.480,22.510,48.894,0.380559,-1,-1,-1
61,-1,426.868,140.715,16.655,37.502,0.355373,-1,-1,-1
61,-1,522.429,140.821,15.338,34.241,0.323655,-1,-1,-1
61,-1,636.254,148.142,20.791,48.176,0.274236,-1,-1,-1
61,-1,573.645,143.120,68.477,79.403,0.259991,-1,-1,-1
62,-1,1084.944,136.393,114.142,230.522,0.905516,-1,-1,-1
62,-1,955.056,103.463,120.990,261.132,0.880064,-1,-1,-1
62,-1,538.761,133.881,29.822,84.106,0.795467,-1,-1,-1
62,-1,568.421,143.872,27.279,73.618,0.708995,-1,-1,-1
62,-1,609.691,144.820,34.833,96.961,0.660388,-1,-1,-1
62,-1,236.589,159.289,68.179,159.195,0.536259,-1,-1,-1
62,-1,636.824,148.464,24.636,65.259,0.522674,-1,-1,-1
62,-1,461.305,140.578,20.113,48.088,0.456042,-1,-1,-1
62,-1,397.299,142.578,16.483,37.693,0.416586,-1,-1,-1
62,-1,425.162,140.558,18.170,39.449,0.303643,-1,-1,-1
62,-1,619.278,146.563,39.197,75.370,0.302404,-1,-1,-1
62,-1,451.084,140.609,16.076,46.444,0.257924,-1,-1,-1
63,-1,1127.482,127.719,95.518,237.214,0.913442,-1,-1,-1
63,-1,963.064,104.822,143.233,261.976,0.906633,-1,-1,-1
63,-1,540.033,135.203,30.556,86.054,0.771936,-1,-1,-1
63,-1,613.841,144.821,41.744,100.273,0.769796,-1,-1,-1
63,-1,571.822,145.475,27.656,71.089,0.739413,-1,-1,-1
63,-1,423.367,140.500,18.219,39.858,0.410681,-1,-1,-1
63,-1,631.107,148.530,28.016,76.938,0.392853,-1,-1,-1
63,-1,456.899,139.563,22.096,49.343,0.390277,-1,-1,-1
63,-1,450.319,140.197,16.713,47.127,0.369983,-1,-1,-1
63,-1,390.693,142.600,20.394,36.049,0.317457,-1,-1,-1
63,-1,519.784,140.549,15.541,35.081,0.314033,-1,-1,-1
64,-1,983.320,112.412,157.764,253.110,0.906070,-1,-1,-1
64,-1,619.287,143.413,40.277,105.107,0.830151,-1,-1,-1
64,-1,571.787,144.254,30.287,75.792,0.797553,-1,-1,-1
64,-1,541.613,135.941,28.946,85.671,0.782835,-1,-1,-1
64,-1,1163.415,122.972,59.585,243.958,0.774353,-1,-1,-1
64,-1,422.776,142.390,17.721,38.221,0.489136,-1,-1,-1
64,-1,449.474,139.538,24.171,52.420,0.450939,-1,-1,-1
64,-1,387.481,142.166,18.499,35.552,0.344327,-1,-1,-1
64,-1,516.853,142.980,15.778,32.539,0.307015,-1,-1,-1
65,-1,1026.599,110.873,159.328,255.002,0.847426,-1,-1,-1
65,-1,627.886,144.292,35.770,101.300,0.806636,-1,-1,-1
65,-1,572.764,142.283,30.892,77.406,0.781564,-1,-1,-1
65,-1,542.179,135.250,29.453,86.127,0.719718,-1,-1,-1
65,-1,448.000,139.520,23.431,56.603,0.583828,-1,-1,-1
65,-1,1200.275,188.946,22.725,171.346,0.559686,-1,-1,-1
65,-1,516.309,141.349,15.619,33.892,0.442325,-1,-1,-1
65,-1,419.595,140.962,19.294,38.187,0.402797,-1,-1,-1
65,-1,383.291,142.794,17.832,31.345,0.328169,-1,-1,-1
66,-1,1074.833,102.839,148.167,264.673,0.893329,-1,-1,-1
66,-1,630.004,144.182,37.967,103.888,0.856090,-1,-1,-1
66,-1,574.224,143.851,29.227,78.259,0.803527,-1,-1,-1
66,-1,546.466,135.263,27.097,86.865,0.767664,-1,-1,-1
66,-1,515.323,141.488,15.141,34.881,0.572710,-1,-1,-1
66,-1,446.895,141.431,22.046,52.969,0.529518,-1,-1,-1
66,-1,418.076,141.307,16.887,34.952,0.398394,-1,-1,-1
66,-1,376.301,141.898,21.074,33.079,0.251700,-1,-1,-1
67,-1,1133.949,95.969,89.051,271.248,0.900939,-1,-1,-1
67,-1,631.013,145.946,43.200,106.193,0.863052,-1,-1,-1
67,-1,548.032,135.385,26.499,88.095,0.796165,-1,-1,-1
67,-1,577.291,144.447,29.327,78.546,0.789976,-1,-1,-1
67,-1,513.349,140.302,13.869,37.517,0.655398,-1,-1,-1
67,-1,442.916,139.507,23.043,55.131,0.581644,-1,-1,-1
67,-1,417.161,139.131,17.140,38.677,0.259011,-1,-1,-1
67,-1,373.185,142.647,19.218,33.022,0.257288,-1,-1,-1
68,-1,634.180,145.412,41.287,106.738,0.850879,-1,-1,-1
68,-1,547.426,136.077,27.858,87.762,0.823167,-1,-1,-1
68,-1,577.659,143.975,33.770,78.734,0.814308,-1,-1,-1
68,-1,1182.969,163.667,40.031,201.621,0.795904,-1,-1,-1
68,-1,512.773,141.277,13.940,34.964,0.554151,-1,-1,-1
68,-1,442.205,138.487,21.443,57.105,0.497643,-1,-1,-1
68,-1,370.746,143.465,17.647,35.913,0.331058,-1,-1,-1
68,-1,414.675,140.273,18.327,38.922,0.319998,-1,-1,-1
69,-1,643.092,144.293,37.286,106.933,0.845464,-1,-1,-1
69,-1,548.660,136.167,26.622,88.080,0.844185,-1,-1,-1
69,-1,581.770,143.337,33.050,79.638,0.830246,-1,-1,-1
69,-1,509.500,141.879,16.801,35.221,0.553297,-1,-1,-1
69,-1,441.839,139.358,17.885,43.246,0.422398,-1,-1,-1
69,-1,415.300,140.963,16.213,36.958,0.397456,-1,-1,-1
69,-1,368.605,144.461,16.431,28.818,0.383608,-1,-1,-1
70,-1,548.682,134.218,27.650,91.298,0.864570,-1,-1,-1
70,-1,647.867,143.315,38.837,112.132,0.851181,-1,-1,-1
70,-1,584.331,143.480,31.599,79.731,0.804660,-1,-1,-1
70,-1,508.997,142.499,15.526,35.853,0.543178,-1,-1,-1
70,-1,409.073,140.225,21.322,37.100,0.347484,-1,-1,-1
70,-1,437.244,139.828,20.593,42.269,0.332247,-1,-1,-1
71,-1,548.980,133.094,29.558,93.122,0.844608,-1,-1,-1
71,-1,652.914,145.048,41.651,112.618,0.834237,-1,-1,-1
71,-1,587.415,144.701,29.105,80.002,0.807643,-1,-1,-1
71,-1,508.433,141.729,13.228,36.124,0.560352,-1,-1,-1
71,-1,433.268,140.840,23.043,43.174,0.372181,-1,-1,-1
71,-1,408.773,140.771,20.549,35.732,0.323336,-1,-1,-1
72,-1,657.098,147.614,46.372,112.501,0.833336,-1,-1,-1
72,-1,550.844,131.184,27.891,98.044,0.827560,-1,-1,-1
72,-1,590.835,148.087,28.153,76.548,0.823485,-1,-1,-1
72,-1,506.576,142.347,14.239,35.421,0.587723,-1,-1,-1
72,-1,649.919,149.656,23.079,69.129,0.553241,-1,-1,-1
72,-1,434.461,139.931,19.319,46.759,0.433666,-1,-1,-1
72,-1,538.439,147.640,16.375,31.847,0.282234,-1,-1,-1
73,-1,661.602,148.002,45.592,118.842,0.801656,-1,-1,-1
73,-1,550.299,133.472,31.080,94.066,0.793947,-1,-1,-1
73,-1,594.536,145.489,29.020,81.454,0.792860,-1,-1,-1
73,-1,652.555,150.441,23.140,69.586,0.523239,-1,-1,-1
73,-1,505.235,141.931,14.084,37.027,0.504228,-1,-1,-1
73,-1,433.163,140.346,18.479,44.682,0.348942,-1,-1,-1
74,-1,672.024,144.618,41.690,119.700,0.815574,-1,-1,-1
74,-1,551.568,134.775,29.720,94.023,0.796671,-1,-1,-1
74,-1,595.298,143.992,31.428,83.781,0.755631,-1,-1,-1
74,-1,655.163,148.520,23.025,75.389,0.632028,-1,-1,-1
74,-1,501.543,142.988,16.802,36.307,0.398771,-1,-1,-1
74,-1,434.118,137.472,16.762,46.902,0.390742,-1,-1,-1
74,-1,406.980,140.073,20.985,44.334,0.255323,-1,-1,-1
75,-1,678.874,143.580,40.789,121.871,0.878544,-1,-1,-1
75,-1,598.197,141.928,33.589,85.321,0.835981,-1,-1,-1
75,-1,550.453,132.841,31.596,99.489,0.749635,-1,-1,-1
75,-1,657.288,149.036,27.067,75.807,0.661560,-1,-1,-1
75,-1,501.942,144.273,16.144,34.636,0.519483,-1,-1,-1
75,-1,430.839,136.872,19.076,49.074,0.443603,-1,-1,-1
76,-1,683.019,145.623,48.681,122.139,0.874913,-1,-1,-1
76,-1,600.690,143.968,32.997,84.371,0.867671,-1,-1,-1
76,-1,549.934,134.063,32.330,97.440,0.805504,-1,-1,-1
76,-1,659.868,152.814,27.953,70.984,0.721536,-1,-1,-1
76,-1,499.199,143.119,15.168,36.003,0.549519,-1,-1,-1
76,-1,429.879,138.845,19.233,47.378,0.483391,-1,-1,-1
77,-1,684.241,145.882,52.829,126.160,0.907449,-1,-1,-1
77,-1,552.934,131.875,30.640,100.860,0.856479,-1,-1,-1
77,-1,602.138,143.984,36.322,84.733,0.834813,-1,-1,-1
77,-1,661.434,149.848,29.755,75.180,0.791915,-1,-1,-1
77,-1,497.127,143.752,14.643,36.927,0.636092,-1,-1,-1
77,-1,426.554,139.904,20.532,47.047,0.454963,-1,-1,-1
77,-1,399.154,142.397,22.456,40.216,0.291451,-1,-1,-1
78,-1,690.327,146.202,49.205,124.052,0.896398,-1,-1,-1
78,-1,554.376,132.012,30.705,101.105,0.832417,-1,-1,-1
78,-1,606.126,145.897,37.056,82.502,0.831030,-1,-1,-1
78,-1,665.909,147.091,31.180,79.486,0.824974,-1,-1,-1
78,-1,495.138,141.289,13.900,40.479,0.536255,-1,-1,-1
78,-1,424.961,138.912,19.947,47.725,0.455018,-1,-1,-1
78,-1,393.776,143.678,23.515,37.290,0.293149,-1,-1,-1
79,-1,703.513,143.572,41.529,127.746,0.869619,-1,-1,-1
79,-1,557.305,134.115,28.605,99.917,0.854583,-1,-1,-1
79,-1,608.020,143.327,34.828,86.110,0.804761,-1,-1,-1
79,-1,667.125,147.841,32.867,78.660,0.799643,-1,-1,-1
79,-1,494.341,143.302,14.271,39.048,0.566659,-1,-1,-1
79,-1,424.379,139.265,20.214,48.281,0.478343,-1,-1,-1
79,-1,516.476,147.728,15.510,31.936,0.377281,-1,-1,-1
80,-1,559.399,134.709,27.949,103.192,0.873114,-1,-1,-1
80,-1,711.445,141.557,41.591,131.208,0.860176,-1,-1,-1
80,-1,607.463,144.092,38.836,85.953,0.825295,-1,-1,-1
80,-1,670.231,150.261,32.836,75.948,0.771805,-1,-1,-1
80,-1,492.651,144.910,15.149,36.912,0.598563,-1,-1,-1
80,-1,514.392,146.444,14.177,33.042,0.544099,-1,-1,-1
80,-1,422.920,136.658,18.898,51.649,0.442127,-1,-1,-1
80,-1,559.706,136.060,68.918,97.428,0.306232,-1,-1,-1
80,-1,496.449,145.378,32.612,34.668,0.282207,-1,-1,-1
81,-1,713.624,146.292,51.368,133.350,0.879491,-1,-1,-1
81,-1,559.665,134.493,30.435,103.185,0.851503,-1,-1,-1
81,-1,609.215,144.265,38.364,88.681,0.815727,-1,-1,-1
81,-1,672.065,150.736,33.716,78.469,0.789615,-1,-1,-1
81,-1,513.099,145.272,12.948,34.927,0.538658,-1,-1,-1
81,-1,490.989,142.972,15.527,37.989,0.512903,-1,-1,-1
81,-1,419.602,136.695,19.472,47.466,0.389419,-1,-1,-1
82,-1,715.823,146.098,55.689,140.566,0.872100,-1,-1,-1
82,-1,560.544,132.865,32.619,104.840,0.857197,-1,-1,-1
82,-1,675.404,150.328,31.832,79.133,0.847817,-1,-1,-1
82,-1,611.276,145.592,38.052,88.897,0.830280,-1,-1,-1
82,-1,488.119,142.341,14.477,36.946,0.600647,-1,-1,-1
82,-1,417.005,138.217,19.546,48.671,0.549864,-1,-1,-1
82,-1,511.470,144.672,12.461,34.959,0.547395,-1,-1,-1
83,-1,724.995,145.910,55.491,140.892,0.868580,-1,-1,-1
83,-1,613.054,144.932,42.727,89.575,0.841804,-1,-1,-1
83,-1,675.992,148.723,32.694,81.335,0.839679,-1,-1,-1
83,-1,562.008,129.616,33.207,107.815,0.828783,-1,-1,-1
83,-1,416.094,138.199,17.947,50.237,0.586945,-1,-1,-1
83,-1,486.719,141.590,14.139,38.050,0.570273,-1,-1,-1
83,-1,509.854,146.218,14.137,32.814,0.493815,-1,-1,-1
84,-1,555.666,129.975,42.201,110.465,0.853225,-1,-1,-1
84,-1,619.264,145.116,37.493,90.792,0.852704,-1,-1,-1
84,-1,677.605,147.971,33.768,86.508,0.825336,-1,-1,-1
84,-1,737.261,147.222,50.793,139.030,0.806950,-1,-1,-1
84,-1,485.387,143.060,14.545,38.148,0.595280,-1,-1,-1
84,-1,507.356,147.584,14.368,33.092,0.479266,-1,-1,-1
84,-1,412.502,137.002,20.440,47.627,0.328237,-1,-1,-1
84,-1,382.082,145.196,21.599,36.976,0.285238,-1,-1,-1
85,-1,747.235,143.222,47.116,144.940,0.884608,-1,-1,-1
85,-1,553.738,130.362,46.196,112.954,0.846291,-1,-1,-1
85,-1,677.593,149.005,36.946,85.879,0.840631,-1,-1,-1
85,-1,623.099,143.850,37.301,91.645,0.839958,-1,-1,-1
85,-1,481.287,142.966,17.932,37.321,0.508494,-1,-1,-1
85,-1,504.497,146.230,13.259,34.007,0.429176,-1,-1,-1
85,-1,412.565,138.857,19.774,50.766,0.374777,-1,-1,-1
86,-1,750.570,146.509,62.363,147.130,0.882158,-1,-1,-1
86,-1,626.351,145.171,40.599,93.640,0.848592,-1,-1,-1
86,-1,679.591,149.372,39.547,85.640,0.822842,-1,-1,-1
86,-1,562.768,132.235,37.732,111.546,0.802328,-1,-1,-1
86,-1,478.270,141.958,18.318,38.703,0.597809,-1,-1,-1
86,-1,410.871,135.378,22.269,52.617,0.456971,-1,-1,-1
86,-1,502.623,145.631,12.907,34.783,0.421895,-1,-1,-1
87,-1,752.186,149.141,62.909,150.058,0.881992,-1,-1,-1
87,-1,628.132,145.521,42.436,94.660,0.863665,-1,-1,-1
87,-1,565.038,129.011,39.068,115.440,0.862382,-1,-1,-1
87,-1,683.887,149.744,38.840,84.876,0.812578,-1,-1,-1
87,-1,477.240,141.512,17.568,39.826,0.566594,-1,-1,-1
87,-1,500.006,146.610,13.875,35.178,0.546328,-1,-1,-1
87,-1,408.845,138.296,25.956,49.784,0.442328,-1,-1,-1
88,-1,760.045,147.571,57.727,151.580,0.899066,-1,-1,-1
88,-1,573.808,128.373,32.884,117.098,0.864430,-1,-1,-1
88,-1,626.624,145.245,47.901,94.258,0.863872,-1,-1,-1
88,-1,690.058,147.690,37.409,86.816,0.806072,-1,-1,-1
88,-1,497.057,148.266,15.455,33.799,0.565158,-1,-1,-1
88,-1,475.746,141.856,16.928,39.256,0.554284,-1,-1,-1
88,-1,405.439,139.123,20.364,43.650,0.302440,-1,-1,-1
89,-1,779.711,144.729,47.129,156.109,0.904670,-1,-1,-1
89,-1,627.293,144.674,48.046,95.930,0.857367,-1,-1,-1
89,-1,576.230,132.116,34.354,113.740,0.852808,-1,-1,-1
89,-1,693.577,149.601,40.598,87.822,0.809941,-1,-1,-1
89,-1,474.041,141.496,15.569,38.980,0.509796,-1,-1,-1
89,-1,495.212,148.836,15.738,33.527,0.491994,-1,-1,-1
89,-1,430.300,145.757,15.093,35.488,0.304486,-1,-1,-1
90,-1,788.776,145.764,49.673,156.227,0.913430,-1,-1,-1
90,-1,577.929,133.527,36.459,113.376,0.885763,-1,-1,-1
90,-1,628.820,145.966,46.161,97.802,0.849771,-1,-1,-1
90,-1,698.409,151.485,38.450,87.182,0.797462,-1,-1,-1
90,-1,471.499,141.593,13.997,38.561,0.615418,-1,-1,-1
90,-1,493.511,148.555,13.942,32.908,0.533522,-1,-1,-1
90,-1,404.490,139.062,15.286,40.298,0.266385,-1,-1,-1
91,-1,790.271,148.571,66.236,157.133,0.905686,-1,-1,-1
91,-1,580.756,134.423,35.369,114.156,0.895768,-1,-1,-1
91,-1,629.582,146.730,47.717,96.613,0.845762,-1,-1,-1
91,-1,705.352,152.320,35.190,86.250,0.807062,-1,-1,-1
91,-1,469.701,142.118,13.339,38.046,0.616450,-1,-1,-1
91,-1,491.305,149.211,14.217,32.795,0.522376,-1,-1,-1
91,-1,402.551,139.913,16.102,38.993,0.405030,-1,-1,-1
91,-1,559.366,142.117,19.422,37.497,0.259165,-1,-1,-1
92,-1,795.994,151.750,72.335,165.328,0.932572,-1,-1,-1
92,-1,583.510,133.218,35.394,115.214,0.879029,-1,-1,-1
92,-1,629.605,145.791,49.533,102.676,0.831508,-1,-1,-1
92,-1,707.483,150.136,33.425,86.621,0.799484,-1,-1,-1
92,-1,467.549,143.761,13.879,36.283,0.571101,-1,-1,-1
92,-1,490.900,150.793,12.152,31.319,0.483639,-1,-1,-1
92,-1,399.505,140.680,16.096,37.948,0.424288,-1,-1,-1
92,-1,556.254,140.364,20.266,38.199,0.314545,-1,-1,-1
93,-1,812.983,149.770,63.493,170.767,0.901089,-1,-1,-1
93,-1,588.622,131.123,34.648,118.787,0.872804,-1,-1,-1
93,-1,631.228,144.797,46.718,105.029,0.820520,-1,-1,-1
93,-1,713.003,150.222,31.054,90.095,0.771398,-1,-1,-1
93,-1,464.294,144.830,14.591,36.113,0.570911,-1,-1,-1
93,-1,485.894,146.459,14.165,35.088,0.476109,-1,-1,-1
93,-1,551.233,139.656,16.218,39.220,0.401378,-1,-1,-1
93,-1,556.886,141.296,17.035,36.701,0.358713,-1,-1,-1
93,-1,396.056,140.754,17.138,36.992,0.355038,-1,-1,-1
94,-1,834.017,145.531,55.366,174.943,0.903742,-1,-1,-1
94,-1,585.967,131.329,39.823,120.020,0.877100,-1,-1,-1
94,-1,637.147,144.380,43.706,105.541,0.807841,-1,-1,-1
94,-1,714.876,151.502,38.398,90.623,0.776748,-1,-1,-1
94,-1,463.487,143.753,13.620,37.725,0.519958,-1,-1,-1
94,-1,483.927,148.990,15.895,34.131,0.410500,-1,-1,-1
94,-1,439.077,144.418,13.170,35.887,0.330465,-1,-1,-1
94,-1,395.140,141.495,16.569,36.541,0.322493,-1,-1,-1
94,-1,551.447,139.548,15.631,38.497,0.318337,-1,-1,-1
95,-1,844.737,147.448,62.052,178.640,0.892304,-1,-1,-1
95,-1,583.655,132.975,46.248,120.198,0.885795,-1,-1,-1
95,-1,641.588,145.046,44.767,106.481,0.790744,-1,-1,-1
95,-1,716.438,151.190,36.826,93.192,0.785712,-1,-1,-1
95,-1,483.477,147.862,13.387,34.915,0.517610,-1,-1,-1
95,-1,461.860,144.962,14.371,36.734,0.472419,-1,-1,-1
95,-1,550.715,140.096,14.116,39.461,0.422148,-1,-1,-1
95,-1,394.564,141.377,14.638,37.507,0.404924,-1,-1,-1
95,-1,440.080,146.133,14.335,38.943,0.337456,-1,-1,-1
96,-1,847.043,151.425,93.666,177.646,0.913078,-1,-1,-1
96,-1,585.582,133.466,45.733,123.123,0.890554,-1,-1,-1
96,-1,643.488,148.390,45.236,104.676,0.836582,-1,-1,-1
96,-1,726.402,152.397,30.955,92.458,0.769599,-1,-1,-1
96,-1,550.851,140.776,13.126,38.369,0.459851,-1,-1,-1
96,-1,481.599,148.483,12.790,33.884,0.450974,-1,-1,-1
96,-1,458.308,145.731,16.616,35.755,0.363854,-1,-1,-1
96,-1,389.515,139.158,18.221,40.581,0.269227,-1,-1,-1
97,-1,847.260,153.087,99.684,189.554,0.911460,-1,-1,-1
97,-1,588.527,131.813,45.272,128.109,0.889099,-1,-1,-1
97,-1,645.118,149.661,46.160,108.469,0.851420,-1,-1,-1
97,-1,728.400,150.641,34.778,93.597,0.761056,-1,-1,-1
97,-1,477.847,147.521,14.478,35.759,0.584888,-1,-1,-1
97,-1,546.948,140.123,14.580,41.200,0.526005,-1,-1,-1
97,-1,452.603,144.784,20.046,37.578,0.487924,-1,-1,-1
98,-1,598.492,130.497,39.170,131.356,0.899924,-1,-1,-1
98,-1,862.810,149.999,82.538,189.644,0.874074,-1,-1,-1
98,-1,647.635,146.925,47.780,108.591,0.837947,-1,-1,-1
98,-1,730.891,149.771,40.331,94.599,0.738736,-1,-1,-1
98,-1,450.872,144.947,18.374,39.037,0.590264,-1,-1,-1
98,-1,546.157,140.719,16.267,39.792,0.565116,-1,-1,-1
98,-1,474.426,149.578,18.102,33.497,0.559245,-1,-1,-1
99,-1,901.312,144.744,57.479,196.032,0.902253,-1,-1,-1
99,-1,604.691,129.575,37.297,132.852,0.881416,-1,-1,-1
99,-1,735.271,151.276,44.771,97.257,0.850038,-1,-1,-1
99,-1,649.219,145.757,50.418,110.628,0.838640,-1,-1,-1
99,-1,475.023,150.512,15.842,33.654,0.579300,-1,-1,-1
99,-1,546.111,140.488,16.758,40.646,0.559508,-1,-1,-1
99,-1,452.216,142.097,15.918,41.335,0.541168,-1,-1,-1
100,-1,914.217,146.140,65.508,205.291,0.872279,-1,-1,-1
100,-1,607.575,131.548,39.824,131.661,0.864944,-1,-1,-1
100,-1,740.949,152.840,43.183,98.776,0.861014,-1,-1,-1
100,-1,650.888,149.037,51.368,108.796,0.830887,-1,-1,-1
100,-1,546.522,139.564,16.476,42.335,0.538720,-1,-1,-1
100,-1,450.467,141.892,15.760,41.258,0.458899,-1,-1,-1
100,-1,472.170,148.440,15.485,35.485,0.393832,-1,-1,-1
100,-1,456.684,144.959,16.174,39.614,0.281355,-1,-1,-1
101,-1,915.927,152.865,106.519,201.871,0.924607,-1,-1,-1
101,-1,610.440,133.259,40.214,131.124,0.870240,-1,-1,-1
101,-1,652.370,147.722,46.897,116.837,0.839825,-1,-1,-1
101,-1,745.562,152.328,41.545,98.484,0.836417,-1,-1,-1
101,-1,465.821,145.229,15.650,38.915,0.568400,-1,-1,-1
101,-1,439.471,145.462,17.823,33.751,0.421070,-1,-1,-1
101,-1,545.464,143.776,17.186,36.419,0.347779,-1,-1,-1
101,-1,372.932,139.206,25.741,39.135,0.344788,-1,-1,-1
102,-1,926.110,153.197,108.958,210.589,0.924115,-1,-1,-1
102,-1,612.854,131.249,41.382,133.415,0.880594,-1,-1,-1
102,-1,749.443,150.911,38.110,98.222,0.826358,-1,-1,-1
102,-1,652.793,148.837,47.342,117.221,0.815258,-1,-1,-1
102,-1,464.281,142.981,14.825,41.193,0.554227,-1,-1,-1
102,-1,443.448,144.437,14.280,37.225,0.414373,-1,-1,-1
102,-1,546.777,144.385,15.245,36.333,0.355310,-1,-1,-1
103,-1,955.183,150.419,84.499,213.977,0.903523,-1,-1,-1
103,-1,610.806,131.497,46.739,139.218,0.902460,-1,-1,-1
103,-1,660.400,146.606,48.836,120.877,0.841763,-1,-1,-1
103,-1,752.732,151.629,40.569,100.555,0.802999,-1,-1,-1
103,-1,464.577,142.514,14.802,43.000,0.686979,-1,-1,-1
103,-1,434.710,144.537,19.289,35.776,0.521809,-1,-1,-1
103,-1,547.973,140.885,14.586,41.069,0.513083,-1,-1,-1
103,-1,369.348,139.992,19.837,36.162,0.292814,-1,-1,-1
104,-1,666.194,147.323,50.518,122.260,0.909898,-1,-1,-1
104,-1,595.348,128.112,66.663,143.906,0.901555,-1,-1,-1
104,-1,993.090,143.990,65.732,219.182,0.873168,-1,-1,-1
104,-1,756.007,152.457,46.342,103.112,0.817216,-1,-1,-1
104,-1,464.271,142.537,16.268,43.613,0.687471,-1,-1,-1
104,-1,433.807,145.482,18.262,34.021,0.606340,-1,-1,-1
104,-1,548.199,141.969,13.855,39.166,0.483635,-1,-1,-1
104,-1,363.630,139.178,25.023,36.288,0.331395,-1,-1,-1
105,-1,995.725,145.718,109.838,222.177,0.912588,-1,-1,-1
105,-1,585.312,130.188,80.292,144.320,0.906072,-1,-1,-1
105,-1,669.507,147.952,55.796,125.454,0.866254,-1,-1,-1
105,-1,761.648,151.190,39.211,103.444,0.774596,-1,-1,-1
105,-1,434.579,144.375,16.387,36.842,0.573158,-1,-1,-1
105,-1,467.196,142.952,16.421,41.520,0.494542,-1,-1,-1
105,-1,364.283,139.969,22.206,35.705,0.469686,-1,-1,-1
105,-1,549.282,140.539,16.406,42.251,0.456805,-1,-1,-1
105,-1,460.408,146.908,16.592,38.404,0.409435,-1,-1,-1
105,-1,1017.903,183.198,63.023,136.702,0.374582,-1,-1,-1
106,-1,994.074,150.967,169.510,217.948,0.911662,-1,-1,-1
106,-1,587.764,129.744,80.509,149.115,0.907285,-1,-1,-1
106,-1,671.536,150.600,52.631,125.858,0.847395,-1,-1,-1
106,-1,772.490,151.908,37.007,104.966,0.819140,-1,-1,-1
106,-1,433.260,144.916,17.255,34.752,0.565209,-1,-1,-1
106,-1,475.374,145.678,14.470,41.601,0.529391,-1,-1,-1
106,-1,364.258,140.024,18.959,38.930,0.456224,-1,-1,-1
106,-1,547.925,140.605,17.332,39.962,0.438414,-1,-1,-1
106,-1,458.903,149.753,13.366,34.277,0.426086,-1,-1,-1
106,-1,341.358,145.891,18.979,35.456,0.314438,-1,-1,-1
107,-1,584.989,130.706,83.947,152.928,0.921193,-1,-1,-1
107,-1,1009.492,151.182,137.033,215.618,0.919566,-1,-1,-1
107,-1,778.058,150.505,40.278,107.915,0.856756,-1,-1,-1
107,-1,676.879,152.061,49.453,123.375,0.756861,-1,-1,-1
107,-1,430.452,144.737,17.844,36.952,0.622423,-1,-1,-1
107,-1,547.704,140.542,15.612,41.008,0.485735,-1,-1,-1
107,-1,456.854,151.294,13.329,32.939,0.432036,-1,-1,-1
107,-1,342.345,145.203,20.597,34.785,0.329953,-1,-1,-1
107,-1,477.729,144.776,16.509,40.002,0.315013,-1,-1,-1
107,-1,360.848,139.043,21.282,35.927,0.295053,-1,-1,-1
108,-1,1045.634,146.192,114.175,220.695,0.925485,-1,-1,-1
108,-1,590.338,129.674,79.252,151.835,0.922717,-1,-1,-1
108,-1,782.203,153.150,46.051,110.431,0.851269,-1,-1,-1
108,-1,678.995,148.438,54.953,128.379,0.826415,-1,-1,-1
108,-1,546.734,139.585,16.065,43.227,0.559723,-1,-1,-1
108,-1,452.934,151.402,13.490,31.572,0.426829,-1,-1,-1
108,-1,428.479,143.897,17.514,34.207,0.392943,-1,-1,-1
108,-1,476.771,148.626,21.136,37.835,0.283586,-1,-1,-1
109,-1,603.988,128.458,67.995,155.440,0.923729,-1,-1,-1
109,-1,1095.880,140.789,82.906,226.729,0.894297,-1,-1,-1
109,-1,786.605,154.449,47.057,112.724,0.889868,-1,-1,-1
109,-1,681.801,149.120,59.874,137.686,0.821123,-1,-1,-1
109,-1,425.608,143.494,17.647,36.924,0.497858,-1,-1,-1
109,-1,478.476,149.856,19.154,37.135,0.485607,-1,-1,-1
109,-1,450.159,151.023,14.798,32.676,0.475616,-1,-1,-1
109,-1,544.841,140.244,18.303,41.604,0.462684,-1,-1,-1
110,-1,1121.881,143.767,83.868,222.892,0.919453,-1,-1,-1
110,-1,630.070,131.521,45.180,152.757,0.912063,-1,-1,-1
110,-1,685.931,152.666,58.380,132.830,0.858049,-1,-1,-1
110,-1,794.446,154.796,45.171,113.567,0.857944,-1,-1,-1
110,-1,546.568,139.738,16.309,41.509,0.536596,-1,-1,-1
110,-1,424.819,142.554,17.063,39.977,0.465167,-1,-1,-1
110,-1,484.008,146.751,14.547,39.661,0.426630,-1,-1,-1
110,-1,446.436,151.139,14.542,33.546,0.348076,-1,-1,-1
111,-1,1125.013,148.108,97.956,218.639,0.923450,-1,-1,-1
111,-1,636.282,132.340,44.129,156.779,0.885452,-1,-1,-1
111,-1,689.358,151.991,63.975,139.234,0.854876,-1,-1,-1
111,-1,796.998,153.545,44.189,113.951,0.818148,-1,-1,-1
111,-1,418.605,143.625,19.665,36.899,0.562172,-1,-1,-1
111,-1,546.313,140.152,16.623,42.105,0.545142,-1,-1,-1
111,-1,442.766,148.082,15.243,34.465,0.460230,-1,-1,-1
111,-1,486.982,143.848,13.810,41.994,0.389805,-1,-1,-1
112,-1,1134.699,186.752,88.301,180.016,0.897870,-1,-1,-1
112,-1,638.418,133.212,47.492,159.757,0.890102,-1,-1,-1
112,-1,693.875,151.869,61.591,141.793,0.866719,-1,-1,-1
112,-1,804.781,152.473,41.570,115.302,0.840436,-1,-1,-1
112,-1,488.500,141.954,15.764,44.915,0.646941,-1,-1,-1
112,-1,548.021,140.078,15.638,41.940,0.568895,-1,-1,-1
112,-1,419.119,143.612,16.557,36.255,0.527779,-1,-1,-1
112,-1,440.323,150.682,15.453,32.782,0.474743,-1,-1,-1
113,-1,641.022,134.030,45.818,159.338,0.900988,-1,-1,-1
113,-1,702.185,150.217,64.188,140.794,0.874246,-1,-1,-1
113,-1,806.902,154.863,53.313,115.359,0.839766,-1,-1,-1
113,-1,490.132,140.989,19.331,46.381,0.599374,-1,-1,-1
113,-1,548.353,139.660,16.053,43.181,0.554067,-1,-1,-1
113,-1,437.817,151.693,15.831,29.913,0.482007,-1,-1,-1
113,-1,415.339,143.861,17.507,36.334,0.459611,-1,-1,-1
113,-1,1186.391,270.215,36.609,97.301,0.443106,-1,-1,-1
114,-1,644.878,130.220,47.651,165.652,0.902739,-1,-1,-1
114,-1,706.818,151.734,56.587,144.977,0.867603,-1,-1,-1
114,-1,809.905,155.117,54.834,118.164,0.867281,-1,-1,-1
114,-1,492.398,141.407,20.020,45.498,0.682123,-1,-1,-1
114,-1,549.103,139.539,15.009,42.882,0.520124,-1,-1,-1
114,-1,415.108,142.520,16.524,39.262,0.471132,-1,-1,-1
114,-1,438.210,152.622,13.640,29.682,0.436346,-1,-1,-1
114,-1,416.432,145.956,32.589,35.331,0.255686,-1,-1,-1
115,-1,643.091,131.237,54.099,166.447,0.894787,-1,-1,-1
115,-1,709.800,154.053,69.629,149.396,0.872907,-1,-1,-1
115,-1,818.242,153.879,49.752,122.106,0.773122,-1,-1,-1
115,-1,496.066,142.118,16.024,44.079,0.668473,-1,-1,-1
115,-1,409.129,143.831,20.361,39.485,0.508979,-1,-1,-1
115,-1,432.189,149.777,17.111,33.389,0.507079,-1,-1,-1
116,-1,629.169,130.043,71.190,176.114,0.929828,-1,-1,-1
116,-1,714.168,157.327,70.857,143.598,0.849833,-1,-1,-1
116,-1,834.156,153.517,44.711,118.979,0.781401,-1,-1,-1
116,-1,500.467,140.236,13.444,45.221,0.550251,-1,-1,-1
116,-1,408.182,141.709,21.052,38.681,0.493057,-1,-1,-1
116,-1,431.337,150.776,15.513,30.496,0.412640,-1,-1,-1
116,-1,631.499,148.352,153.258,154.717,0.383377,-1,-1,-1
116,-1,550.130,141.213,20.157,40.767,0.285823,-1,-1,-1
117,-1,628.984,132.848,74.612,178.778,0.931815,-1,-1,-1
117,-1,838.069,154.031,53.269,120.526,0.841367,-1,-1,-1
117,-1,722.105,154.064,69.638,147.253,0.838020,-1,-1,-1
117,-1,502.055,141.061,15.169,43.398,0.716438,-1,-1,-1
117,-1,407.277,143.757,19.141,33.894,0.461646,-1,-1,-1
117,-1,429.799,148.126,15.330,34.892,0.433598,-1,-1,-1
117,-1,550.644,141.166,18.134,41.202,0.321885,-1,-1,-1
118,-1,638.078,134.600,69.110,178.420,0.901287,-1,-1,-1
118,-1,724.154,153.261,64.885,157.100,0.886648,-1,-1,-1
118,-1,847.718,155.287,56.372,125.902,0.882278,-1,-1,-1
118,-1,504.144,140.655,17.850,43.775,0.632614,-1,-1,-1
118,-1,405.604,142.826,18.913,36.105,0.523669,-1,-1,-1
118,-1,424.942,147.437,18.214,35.063,0.501166,-1,-1,-1
118,-1,551.465,140.264,16.005,42.644,0.472427,-1,-1,-1
118,-1,348.564,141.687,26.041,40.065,0.291098,-1,-1,-1
119,-1,659.452,132.793,55.619,184.151,0.916272,-1,-1,-1
119,-1,726.271,158.015,60.096,156.490,0.888920,-1,-1,-1
119,-1,853.830,156.522,57.796,127.332,0.883594,-1,-1,-1
119,-1,507.560,142.012,18.758,43.829,0.697114,-1,-1,-1
119,-1,402.282,143.114,19.377,35.356,0.501381,-1,-1,-1
119,-1,552.107,140.423,15.496,41.929,0.404156,-1,-1,-1
119,-1,422.387,147.437,18.640,33.905,0.360216,-1,-1,-1
119,-1,349.350,144.479,27.464,38.884,0.270353,-1,-1,-1
120,-1,674.994,128.551,46.032,187.530,0.917928,-1,-1,-1
120,-1,730.776,162.439,64.435,157.956,0.885681,-1,-1,-1
120,-1,866.723,157.194,52.244,126.627,0.839917,-1,-1,-1
120,-1,509.653,141.662,17.804,44.110,0.698223,-1,-1,-1
120,-1,403.174,143.291,14.833,35.221,0.537152,-1,-1,-1
120,-1,418.811,146.518,17.440,35.428,0.447461,-1,-1,-1
120,-1,553.232,139.798,15.592,42.295,0.445568,-1,-1,-1
120,-1,351.734,145.321,27.317,38.880,0.343016,-1,-1,-1
120,-1,403.397,144.208,31.337,36.446,0.302406,-1,-1,-1
121,-1,675.745,133.710,54.217,190.697,0.882171,-1,-1,-1
121,-1,875.204,154.176,47.542,132.578,0.859855,-1,-1,-1
121,-1,735.471,163.270,62.814,162.884,0.809957,-1,-1,-1
121,-1,515.075,140.865,14.218,43.160,0.722649,-1,-1,-1
121,-1,399.492,144.904,17.550,36.228,0.545123,-1,-1,-1
121,-1,417.435,145.420,16.654,38.977,0.520317,-1,-1,-1
121,-1,552.774,141.205,16.171,40.105,0.451797,-1,-1,-1
121,-1,353.331,146.270,26.837,37.453,0.258721,-1,-1,-1
122,-1,674.947,132.385,72.131,201.426,0.904528,-1,-1,-1
122,-1,740.618,162.342,65.532,167.573,0.849717,-1,-1,-1
122,-1,881.974,153.692,54.911,135.304,0.829145,-1,-1,-1
122,-1,516.297,139.242,14.888,42.855,0.577654,-1,-1,-1
122,-1,395.486,145.261,18.961,35.486,0.475475,-1,-1,-1
122,-1,416.315,146.518,17.029,36.594,0.443656,-1,-1,-1
122,-1,554.843,139.855,17.347,40.501,0.429416,-1,-1,-1
123,-1,676.859,136.562,66.783,198.735,0.909115,-1,-1,-1
123,-1,885.721,156.892,73.387,135.620,0.876130,-1,-1,-1
123,-1,750.763,160.263,61.985,172.850,0.861824,-1,-1,-1
123,-1,684.133,150.164,131.429,183.376,0.450038,-1,-1,-1
123,-1,518.893,143.550,15.184,39.150,0.382498,-1,-1,-1
123,-1,393.607,145.585,18.746,33.818,0.364401,-1,-1,-1
123,-1,554.887,140.737,17.298,40.391,0.266824,-1,-1,-1
123,-1,413.623,148.645,15.572,33.852,0.263702,-1,-1,-1
124,-1,754.142,159.588,66.752,178.077,0.904914,-1,-1,-1
124,-1,687.409,133.974,63.910,204.352,0.880507,-1,-1,-1
124,-1,900.307,160.010,56.910,138.676,0.856022,-1,-1,-1
124,-1,557.382,139.664,17.170,42.731,0.416201,-1,-1,-1
125,-1,701.016,130.995,58.503,206.154,0.903949,-1,-1,-1
125,-1,753.894,163.423,80.132,184.790,0.871573,-1,-1,-1
125,-1,916.943,157.847,49.685,140.623,0.864140,-1,-1,-1
125,-1,558.254,139.953,17.688,42.372,0.316125,-1,-1,-1
126,-1,684.955,131.747,81.593,213.452,0.925933,-1,-1,-1
126,-1,759.571,166.937,90.430,183.907,0.865514,-1,-1,-1
126,-1,928.692,153.901,56.542,144.826,0.833563,-1,-1,-1
126,-1,557.398,140.228,18.806,40.866,0.319455,-1,-1,-1
127,-1,680.105,134.049,92.931,223.680,0.926786,-1,-1,-1
127,-1,783.391,162.798,67.865,187.625,0.888333,-1,-1,-1
127,-1,936.321,158.365,70.065,148.351,0.882006,-1,-1,-1
127,-1,558.816,140.448,19.458,40.535,0.292081,-1,-1,-1
127,-1,382.608,144.203,20.501,36.343,0.252316,-1,-1,-1
128,-1,682.314,134.794,99.108,215.164,0.917463,-1,-1,-1
128,-1,949.616,159.377,72.079,151.830,0.897763,-1,-1,-1
128,-1,787.686,159.676,68.553,197.746,0.892017,-1,-1,-1
128,-1,558.227,140.143,17.262,41.708,0.397139,-1,-1,-1
128,-1,531.701,138.446,16.722,43.868,0.324166,-1,-1,-1
128,-1,384.063,145.056,17.858,35.506,0.294366,-1,-1,-1
129,-1,696.131,132.524,92.025,231.590,0.917260,-1,-1,-1
129,-1,962.323,158.600,70.082,151.267,0.888983,-1,-1,-1
129,-1,791.477,161.709,77.348,205.627,0.883361,-1,-1,-1
129,-1,557.925,139.722,16.861,42.884,0.477733,-1,-1,-1
129,-1,399.167,149.038,18.153,32.786,0.365197,-1,-1,-1
129,-1,382.562,145.405,17.323,35.541,0.328370,-1,-1,-1
129,-1,531.658,141.723,18.473,41.395,0.288948,-1,-1,-1
130,-1,799.785,163.806,79.407,202.718,0.896738,-1,-1,-1
130,-1,729.179,128.344,66.679,235.862,0.864910,-1,-1,-1
130,-1,973.750,157.969,60.165,145.350,0.828307,-1,-1,-1
130,-1,557.344,140.065,18.803,42.200,0.373936,-1,-1,-1
131,-1,742.433,128.882,63.510,237.174,0.914786,-1,-1,-1
131,-1,982.683,157.348,66.737,155.659,0.884117,-1,-1,-1
131,-1,810.315,163.179,72.792,204.808,0.879338,-1,-1,-1
131,-1,557.575,140.651,21.147,41.126,0.301294,-1,-1,-1
131,-1,391.279,149.392,20.132,29.329,0.271823,-1,-1,-1
132,-1,748.145,130.229,74.207,238.594,0.900126,-1,-1,-1
132,-1,826.885,160.370,69.136,208.035,0.895917,-1,-1,-1
132,-1,991.078,159.249,95.548,162.372,0.885330,-1,-1,-1
132,-1,545.153,140.898,15.771,40.871,0.355320,-1,-1,-1
132,-1,561.896,139.762,14.927,36.933,0.302934,-1,-1,-1
133,-1,752.444,131.252,84.715,236.295,0.889829,-1,-1,-1
133,-1,829.576,162.696,85.286,205.998,0.878953,-1,-1,-1
133,-1,1009.884,159.657,79.483,167.983,0.850039,-1,-1,-1
133,-1,547.599,140.934,14.068,41.319,0.500547,-1,-1,-1
133,-1,562.717,139.928,14.264,36.503,0.310797,-1,-1,-1
134,-1,827.137,164.584,111.029,203.586,0.930209,-1,-1,-1
134,-1,757.408,125.882,83.928,242.216,0.893976,-1,-1,-1
134,-1,1034.090,159.680,55.545,165.779,0.858466,-1,-1,-1
134,-1,549.057,140.902,19.893,40.639,0.427364,-1,-1,-1
134,-1,366.898,142.153,19.814,37.276,0.326375,-1,-1,-1
134,-1,387.849,151.273,20.603,28.609,0.283883,-1,-1,-1
135,-1,771.762,123.512,78.350,243.405,0.902884,-1,-1,-1
135,-1,843.550,163.649,114.978,204.178,0.901856,-1,-1,-1
135,-1,1044.635,158.665,69.247,170.528,0.865756,-1,-1,-1
135,-1,552.521,141.357,18.935,40.900,0.460955,-1,-1,-1
135,-1,364.927,143.560,21.565,36.722,0.280944,-1,-1,-1
136,-1,783.902,119.876,77.550,246.198,0.916569,-1,-1,-1
136,-1,869.294,161.320,97.352,206.338,0.914043,-1,-1,-1
136,-1,1061.911,160.680,81.835,177.515,0.813722,-1,-1,-1
136,-1,552.933,139.764,19.372,42.068,0.470238,-1,-1,-1
137,-1,769.346,121.159,105.383,244.132,0.925810,-1,-1,-1
137,-1,1076.060,162.695,89.116,180.950,0.909182,-1,-1,-1
137,-1,896.636,158.306,95.382,207.602,0.907139,-1,-1,-1
137,-1,554.610,139.897,18.939,41.086,0.375857,-1,-1,-1
138,-1,766.455,122.250,121.695,244.050,0.931029,-1,-1,-1
138,-1,904.242,160.533,103.036,206.866,0.915107,-1,-1,-1
138,-1,1096.213,158.893,81.627,185.540,0.895560,-1,-1,-1
138,-1,556.233,139.366,18.319,41.506,0.368288,-1,-1,-1
139,-1,767.398,119.571,134.043,246.602,0.932010,-1,-1,-1
139,-1,914.499,164.238,118.721,202.976,0.923187,-1,-1,-1
139,-1,1112.007,160.467,76.204,174.219,0.801165,-1,-1,-1
139,-1,559.092,139.222,15.594,41.481,0.369500,-1,-1,-1
140,-1,787.736,115.658,125.858,250.853,0.933238,-1,-1,-1
140,-1,930.828,163.185,130.772,202.887,0.926958,-1,-1,-1
140,-1,1131.512,159.236,77.917,180.769,0.790356,-1,-1,-1
140,-1,559.257,138.918,16.780,42.746,0.427933,-1,-1,-1
141,-1,960.801,157.844,125.442,209.414,0.918264,-1,-1,-1
141,-1,828.301,109.329,99.771,258.868,0.913137,-1,-1,-1
141,-1,1141.107,160.947,81.893,175.878,0.804612,-1,-1,-1
142,-1,856.734,109.242,92.301,257.703,0.920426,-1,-1,-1
142,-1,991.176,155.458,109.775,211.481,0.888093,-1,-1,-1
142,-1,1143.116,162.712,79.884,181.351,0.830855,-1,-1,-1
143,-1,867.262,110.904,104.042,256.022,0.880948,-1,-1,-1
143,-1,999.893,160.969,118.693,205.691,0.880806,-1,-1,-1
143,-1,370.036,145.562,27.188,33.856,0.432299,-1,-1,-1
143,-1,1166.110,186.849,56.890,171.209,0.430408,-1,-1,-1
143,-1,561.074,139.208,20.596,42.393,0.423398,-1,-1,-1
143,-1,246.361,144.827,32.098,63.913,0.257837,-1,-1,-1
144,-1,875.255,112.711,137.948,252.522,0.881063,-1,-1,-1
144,-1,1018.891,164.342,133.743,202.566,0.857572,-1,-1,-1
144,-1,558.318,138.628,18.559,43.791,0.422460,-1,-1,-1
144,-1,368.645,144.626,28.618,35.603,0.405952,-1,-1,-1
144,-1,1188.809,197.020,34.191,150.583,0.277183,-1,-1,-1
145,-1,909.780,106.730,110.482,261.193,0.885660,-1,-1,-1
145,-1,1068.989,163.685,134.742,203.926,0.855893,-1,-1,-1
145,-1,557.653,139.256,19.155,41.908,0.395045,-1,-1,-1
145,-1,369.473,144.340,30.002,35.694,0.312938,-1,-1,-1
145,-1,261.994,150.554,16.874,37.430,0.294331,-1,-1,-1
